1,510,911,17,17,1,-1,-1,-1,0
2,510,911,17,17,1,-1,-1,-1,0
3,510,911,17,17,1,-1,-1,-1,0
4,511,911,17,17,1,-1,-1,-1,0
5,511,911,17,17,1,-1,-1,-1,0
6,511,911,17,17,1,-1,-1,-1,0
7,512,911,17,17,1,-1,-1,-1,0
8,512,911,17,17,1,-1,-1,-1,0
9,512,911,17,17,1,-1,-1,-1,0
10,513,911,17,17,1,-1,-1,-1,0
11,513,911,17,17,1,-1,-1,-1,0
12,513,911,17,17,1,-1,-1,-1,0
13,514,911,17,17,1,-1,-1,-1,0
14,514,911,17,17,1,-1,-1,-1,0
15,514,911,17,17,1,-1,-1,-1,0
16,514,911,17,17,1,-1,-1,-1,0
17,513,911,17,17,1,-1,-1,-1,0
18,513,911,17,17,1,-1,-1,-1,0
19,513,911,17,17,1,-1,-1,-1,0
20,513,911,17,17,1,-1,-1,-1,0
21,513,911,17,17,1,-1,-1,-1,0
22,512,911,17,17,1,-1,-1,-1,0
23,512,911,17,17,1,-1,-1,-1,0
24,512,912,17,17,1,-1,-1,-1,0
25,512,912,17,17,1,-1,-1,-1,0
26,512,912,17,17,1,-1,-1,-1,0
27,512,912,17,17,1,-1,-1,-1,0
28,511,912,17,17,1,-1,-1,-1,0
29,511,912,17,17,1,-1,-1,-1,0
30,511,912,17,17,1,-1,-1,-1,0
31,511,912,17,17,1,-1,-1,-1,0
32,511,912,17,17,1,-1,-1,-1,0
33,511,913,17,17,1,-1,-1,-1,0
34,510,913,17,17,1,-1,-1,-1,0
35,510,913,17,17,1,-1,-1,-1,0
36,510,913,17,17,1,-1,-1,-1,0
37,510,913,17,17,1,-1,-1,-1,0
38,510,913,17,17,1,-1,-1,-1,0
39,510,913,17,17,1,-1,-1,-1,0
40,509,913,17,17,1,-1,-1,-1,0
41,509,913,17,17,1,-1,-1,-1,0
42,509,914,17,17,1,-1,-1,-1,0
43,509,914,17,17,1,-1,-1,-1,0
44,509,914,17,17,1,-1,-1,-1,0
45,509,914,17,17,1,-1,-1,-1,0
46,509,914,17,17,1,-1,-1,-1,0
47,508,914,17,17,1,-1,-1,-1,0
48,508,914,17,17,1,-1,-1,-1,0
49,508,914,17,17,1,-1,-1,-1,0
50,508,914,17,17,1,-1,-1,-1,0
51,508,914,17,17,1,-1,-1,-1,0
52,508,914,17,17,1,-1,-1,-1,0
53,508,914,17,17,1,-1,-1,-1,0
54,508,914,17,17,1,-1,-1,-1,0
55,508,914,17,17,1,-1,-1,-1,0
56,508,914,17,17,1,-1,-1,-1,0
57,508,914,17,17,1,-1,-1,-1,0
58,508,914,17,17,1,-1,-1,-1,0
59,508,914,17,17,1,-1,-1,-1,0
60,508,914,17,17,1,-1,-1,-1,0
61,507,914,17,17,1,-1,-1,-1,0
62,507,914,17,17,1,-1,-1,-1,0
63,507,914,17,17,1,-1,-1,-1,0
64,507,914,17,17,1,-1,-1,-1,0
65,507,915,17,17,1,-1,-1,-1,0
66,507,915,17,17,1,-1,-1,-1,0
67,507,915,17,17,1,-1,-1,-1,0
68,507,915,17,17,1,-1,-1,-1,0
69,507,915,17,17,1,-1,-1,-1,0
70,507,915,17,17,1,-1,-1,-1,0
71,507,915,17,17,1,-1,-1,-1,0
72,507,915,17,17,1,-1,-1,-1,0
73,507,915,17,17,1,-1,-1,-1,0
74,507,915,17,17,1,-1,-1,-1,0
75,507,915,17,17,1,-1,-1,-1,0
76,507,915,17,17,1,-1,-1,-1,0
77,507,915,17,17,1,-1,-1,-1,0
78,507,915,17,17,1,-1,-1,-1,0
79,507,915,17,17,1,-1,-1,-1,0
80,507,915,17,17,1,-1,-1,-1,0
81,507,915,17,17,1,-1,-1,-1,0
82,507,915,17,17,1,-1,-1,-1,0
83,507,915,17,17,1,-1,-1,-1,0
84,507,915,17,17,1,-1,-1,-1,0
85,507,915,17,17,1,-1,-1,-1,0
86,507,915,17,17,1,-1,-1,-1,0
87,507,915,17,17,1,-1,-1,-1,0
88,507,915,17,17,1,-1,-1,-1,0
89,507,915,17,17,1,-1,-1,-1,0
90,507,915,17,17,1,-1,-1,-1,0
91,507,915,17,17,1,-1,-1,-1,0
92,507,915,17,17,1,-1,-1,-1,0
93,507,915,17,17,1,-1,-1,-1,0
94,507,915,17,17,1,-1,-1,-1,0
95,507,915,17,17,1,-1,-1,-1,0
96,508,915,17,17,1,-1,-1,-1,0
97,507,915,17,17,1,-1,-1,-1,0
98,507,915,17,17,1,-1,-1,-1,0
99,507,915,17,17,1,-1,-1,-1,0
100,507,915,17,17,1,-1,-1,-1,0
101,507,915,17,17,1,-1,-1,-1,0
102,507,915,17,17,1,-1,-1,-1,0
103,507,915,17,17,1,-1,-1,-1,0
104,507,916,17,17,1,-1,-1,-1,0
105,507,916,17,17,1,-1,-1,-1,0
106,506,916,17,17,1,-1,-1,-1,0
107,506,916,17,17,1,-1,-1,-1,0
108,506,916,17,17,1,-1,-1,-1,0
109,506,916,17,17,1,-1,-1,-1,0
110,506,916,17,17,1,-1,-1,-1,0
111,506,916,17,17,1,-1,-1,-1,0
112,506,916,17,17,1,-1,-1,-1,0
113,506,916,17,17,1,-1,-1,-1,0
114,506,916,17,17,1,-1,-1,-1,0
115,505,916,17,17,1,-1,-1,-1,0
116,505,916,17,17,1,-1,-1,-1,0
117,505,916,17,17,1,-1,-1,-1,0
118,505,916,17,17,1,-1,-1,-1,0
119,505,916,17,17,1,-1,-1,-1,0
120,505,916,17,17,1,-1,-1,-1,0
121,505,916,17,17,1,-1,-1,-1,0
122,505,916,17,17,1,-1,-1,-1,0
123,505,916,17,17,1,-1,-1,-1,0
124,505,916,17,17,1,-1,-1,-1,0
125,505,916,17,17,1,-1,-1,-1,0
126,505,916,17,17,1,-1,-1,-1,0
127,505,916,17,17,1,-1,-1,-1,0
128,505,916,17,17,1,-1,-1,-1,0
129,505,916,17,17,1,-1,-1,-1,0
130,505,916,17,17,1,-1,-1,-1,0
131,505,916,17,17,1,-1,-1,-1,0
132,505,916,17,17,1,-1,-1,-1,0
133,505,916,17,17,1,-1,-1,-1,0
134,505,916,17,17,1,-1,-1,-1,0
135,505,916,17,17,1,-1,-1,-1,0
136,505,916,17,17,1,-1,-1,-1,0
137,505,916,17,17,1,-1,-1,-1,0
138,505,916,17,17,1,-1,-1,-1,0
139,505,916,17,17,1,-1,-1,-1,0
140,505,916,17,17,1,-1,-1,-1,0
141,505,916,17,17,1,-1,-1,-1,0
142,505,916,17,17,1,-1,-1,-1,0
143,505,916,17,17,1,-1,-1,-1,0
144,505,916,17,17,1,-1,-1,-1,0
145,505,916,17,17,1,-1,-1,-1,0
146,505,917,17,17,1,-1,-1,-1,0
147,505,917,17,17,1,-1,-1,-1,0
148,505,917,17,17,1,-1,-1,-1,0
149,505,917,17,17,1,-1,-1,-1,0
150,505,917,17,17,1,-1,-1,-1,0
151,505,917,17,17,1,-1,-1,-1,0
152,505,917,17,17,1,-1,-1,-1,0
153,505,917,17,17,1,-1,-1,-1,0
154,505,917,17,17,1,-1,-1,-1,0
155,504,917,17,17,1,-1,-1,-1,0
156,504,917,17,17,1,-1,-1,-1,0
157,504,917,17,17,1,-1,-1,-1,0
158,504,918,17,17,1,-1,-1,-1,0
159,504,918,17,17,1,-1,-1,-1,0
160,504,918,17,17,1,-1,-1,-1,0
161,504,918,17,17,1,-1,-1,-1,0
162,504,918,17,17,1,-1,-1,-1,0
163,504,918,17,17,1,-1,-1,-1,0
164,503,918,17,17,1,-1,-1,-1,0
165,503,918,17,17,1,-1,-1,-1,0
166,501,918,17,17,1,-1,-1,-1,0
167,499,918,17,17,1,-1,-1,-1,0
168,496,918,17,17,1,-1,-1,-1,0
169,494,918,17,17,1,-1,-1,-1,0
170,491,918,17,17,1,-1,-1,-1,0
171,489,918,17,17,1,-1,-1,-1,0
172,486,918,17,17,1,-1,-1,-1,0
173,484,919,17,17,1,-1,-1,-1,0
174,480,919,18,19,1,-1,-1,-1,0
175,477,921,15,17,1,-1,-1,-1,0
176,485,885,31,36,1,-1,-1,-1,1
177,488,884,27,35,1,-1,-1,-1,1
178,555,786,26,31,1,-1,-1,-1,1
179,573,758,26,30,1,-1,-1,-1,1
180,611,700,25,27,1,-1,-1,-1,1
181,624,680,24,26,1,-1,-1,-1,1
182,648,644,23,26,1,-1,-1,-1,1
183,679,597,22,25,1,-1,-1,-1,1
184,690,577,21,24,1,-1,-1,-1,1
185,712,540,18,22,1,-1,-1,-1,1
186,721,526,18,22,1,-1,-1,-1,1
187,735,503,17,20,1,-1,-1,-1,1
188,752,475,17,18,1,-1,-1,-1,1
189,759,463,16,18,1,-1,-1,-1,1
190,768,447,16,17,1,-1,-1,-1,1
191,777,432,15,17,1,-1,-1,-1,1
192,787,414,15,16,1,-1,-1,-1,1
193,791,407,15,16,1,-1,-1,-1,1
194,795,399,15,16,1,-1,-1,-1,1
195,799,391,15,16,1,-1,-1,-1,1
196,803,382,15,16,1,-1,-1,-1,1
197,810,370,15,16,1,-1,-1,-1,1
198,811,370,15,16,1,-1,-1,-1,1
199,813,369,14,15,1,-1,-1,-1,1
200,816,369,14,15,1,-1,-1,-1,1
201,818,368,13,14,1,-1,-1,-1,1
202,820,368,13,14,1,-1,-1,-1,1
203,822,367,12,13,1,-1,-1,-1,1
204,825,367,12,13,1,-1,-1,-1,1
205,827,366,11,13,1,-1,-1,-1,1
206,827,371,11,13,1,-1,-1,-1,1
207,826,377,11,13,1,-1,-1,-1,1
208,826,383,11,13,1,-1,-1,-1,1
209,825,388,11,13,1,-1,-1,-1,1
210,824,394,11,13,1,-1,-1,-1,1
211,824,400,11,13,1,-1,-1,-1,1
212,823,408,11,13,1,-1,-1,-1,1
213,822,415,11,13,1,-1,-1,-1,1
214,820,424,11,13,1,-1,-1,-1,1
215,818,433,11,13,1,-1,-1,-1,1
216,815,448,11,13,1,-1,-1,-1,1
217,815,451,11,13,1,-1,-1,-1,0
218,815,460,11,13,1,-1,-1,-1,0
219,815,469,11,13,1,-1,-1,-1,0
220,815,485,11,13,1,-1,-1,-1,0
221,816,486,11,13,1,-1,-1,-1,0
222,823,491,11,13,1,-1,-1,-1,0
223,830,497,11,13,1,-1,-1,-1,0
224,838,503,11,13,1,-1,-1,-1,0
225,841,505,11,13,1,-1,-1,-1,0
226,844,507,12,13,1,-1,-1,-1,0
227,848,508,12,14,1,-1,-1,-1,0
228,852,510,13,14,1,-1,-1,-1,0
229,856,512,13,15,1,-1,-1,-1,0
230,857,512,13,14,1,-1,-1,-1,0
231,858,512,12,13,1,-1,-1,-1,0
232,859,512,10,11,1,-1,-1,-1,0
236,862,507,10,11,1,-1,-1,-1,0
237,862,506,9,11,1,-1,-1,-1,0
238,863,504,6,9,1,-1,-1,-1,0
241,855,510,11,12,1,-1,-1,-1,0
242,854,511,11,12,1,-1,-1,-1,0
243,851,513,11,12,1,-1,-1,-1,0
244,849,516,11,12,1,-1,-1,-1,0
245,846,517,11,12,1,-1,-1,-1,0
246,843,517,12,12,1,-1,-1,-1,0
247,838,518,12,12,1,-1,-1,-1,0
248,836,518,12,12,1,-1,-1,-1,0
249,832,517,12,12,1,-1,-1,-1,0
250,829,517,12,12,1,-1,-1,-1,0
251,826,517,12,12,1,-1,-1,-1,0
252,822,516,12,12,1,-1,-1,-1,0
253,817,516,12,12,1,-1,-1,-1,0
254,816,517,12,12,1,-1,-1,-1,0
255,812,519,12,12,1,-1,-1,-1,0
256,809,521,12,12,1,-1,-1,-1,0
257,802,525,12,12,1,-1,-1,-1,0
258,801,525,12,12,1,-1,-1,-1,0
259,794,527,12,12,1,-1,-1,-1,0
260,787,528,12,12,1,-1,-1,-1,0
261,778,530,12,12,1,-1,-1,-1,0
262,776,531,12,12,1,-1,-1,-1,0
263,773,532,12,12,1,-1,-1,-1,0
264,770,532,12,13,1,-1,-1,-1,0
265,768,533,12,13,1,-1,-1,-1,0
266,763,535,13,13,1,-1,-1,-1,0
267,762,534,13,13,1,-1,-1,-1,0
268,760,533,13,13,1,-1,-1,-1,0
269,757,532,13,13,1,-1,-1,-1,0
270,754,531,13,13,1,-1,-1,-1,0
271,750,529,13,13,1,-1,-1,-1,0
272,749,530,13,13,1,-1,-1,-1,0
273,745,532,13,13,1,-1,-1,-1,0
274,741,534,13,13,1,-1,-1,-1,0
275,734,538,13,13,1,-1,-1,-1,0
276,734,538,13,13,1,-1,-1,-1,0
277,730,539,13,13,1,-1,-1,-1,0
278,726,540,13,13,1,-1,-1,-1,0
279,722,541,13,13,1,-1,-1,-1,0
280,718,543,13,13,1,-1,-1,-1,0
281,713,544,13,13,1,-1,-1,-1,0
282,710,544,12,13,1,-1,-1,-1,0
283,707,545,10,12,1,-1,-1,-1,0
284,704,546,9,11,1,-1,-1,-1,0
285,701,546,7,10,1,-1,-1,-1,0
286,696,548,5,9,1,-1,-1,-1,0
287,695,548,5,9,1,-1,-1,-1,0
288,686,548,14,13,1,-1,-1,-1,0
289,686,548,14,13,1,-1,-1,-1,0
290,682,546,14,13,1,-1,-1,-1,0
291,678,545,14,13,1,-1,-1,-1,0
292,671,542,14,13,1,-1,-1,-1,0
293,671,542,14,13,1,-1,-1,-1,0
294,674,540,14,13,1,-1,-1,-1,0
295,677,537,13,13,1,-1,-1,-1,0
296,679,535,13,13,1,-1,-1,-1,0
297,682,533,13,13,1,-1,-1,-1,0
298,685,531,13,13,1,-1,-1,-1,0
299,688,528,12,13,1,-1,-1,-1,0
300,689,526,12,13,1,-1,-1,-1,0
301,691,523,12,13,1,-1,-1,-1,0
302,690,522,12,13,1,-1,-1,-1,0
303,687,521,12,13,1,-1,-1,-1,0
304,683,520,12,13,1,-1,-1,-1,0
305,680,519,12,13,1,-1,-1,-1,0
306,676,517,12,13,1,-1,-1,-1,0
307,672,516,12,13,1,-1,-1,-1,0
308,668,513,12,13,1,-1,-1,-1,0
309,662,510,12,12,1,-1,-1,-1,0
310,653,504,11,11,1,-1,-1,-1,0
311,654,503,11,11,1,-1,-1,-1,0
312,657,499,11,11,1,-1,-1,-1,0
313,660,495,11,11,1,-1,-1,-1,0
314,664,490,11,11,1,-1,-1,-1,0
315,669,494,11,11,1,-1,-1,-1,0
316,676,499,10,11,1,-1,-1,-1,0
317,687,507,9,10,1,-1,-1,-1,0
318,691,514,10,12,1,-1,-1,-1,0
319,702,534,14,17,1,-1,-1,-1,0
320,708,537,14,16,1,-1,-1,-1,0
321,717,542,13,15,1,-1,-1,-1,0
322,731,550,13,12,1,-1,-1,-1,0
323,735,552,13,12,1,-1,-1,-1,0
324,742,556,12,12,1,-1,-1,-1,0
325,750,561,12,12,1,-1,-1,-1,0
326,758,565,11,12,1,-1,-1,-1,0
327,770,571,10,12,1,-1,-1,-1,0
328,773,575,10,12,1,-1,-1,-1,0
329,778,584,10,13,1,-1,-1,-1,0
330,783,593,9,13,1,-1,-1,-1,0
331,791,605,9,14,1,-1,-1,-1,0
332,794,615,9,10,1,-1,-1,-1,0
333,797,618,10,11,1,-1,-1,-1,0
334,800,622,10,11,1,-1,-1,-1,0
335,803,626,11,12,1,-1,-1,-1,0
336,807,631,11,13,1,-1,-1,-1,0
337,808,633,11,13,1,-1,-1,-1,0
338,812,637,11,13,1,-1,-1,-1,0
339,815,642,11,12,1,-1,-1,-1,0
340,818,646,11,12,1,-1,-1,-1,0
341,821,650,11,12,1,-1,-1,-1,0
342,827,658,11,11,1,-1,-1,-1,0
343,828,658,11,11,1,-1,-1,-1,0
344,832,663,11,12,1,-1,-1,-1,0
345,836,668,11,12,1,-1,-1,-1,0
346,840,672,12,13,1,-1,-1,-1,0
347,844,677,12,13,1,-1,-1,-1,0
348,851,684,13,14,1,-1,-1,-1,0
349,853,685,13,13,1,-1,-1,-1,0
350,857,688,12,13,1,-1,-1,-1,0
351,862,691,12,13,1,-1,-1,-1,0
352,869,696,12,12,1,-1,-1,-1,0
353,870,696,12,12,1,-1,-1,-1,0
354,875,698,12,12,1,-1,-1,-1,0
355,883,701,12,11,1,-1,-1,-1,0
356,884,701,12,11,1,-1,-1,-1,0
357,888,702,12,11,1,-1,-1,-1,0
358,892,703,12,11,1,-1,-1,-1,0
359,895,704,12,12,1,-1,-1,-1,0
360,899,706,12,12,1,-1,-1,-1,0
361,905,708,13,12,1,-1,-1,-1,0
362,905,708,13,12,1,-1,-1,-1,0
363,906,709,13,12,1,-1,-1,-1,0
364,907,711,13,12,1,-1,-1,-1,0
365,907,712,13,12,1,-1,-1,-1,0
366,908,713,13,12,1,-1,-1,-1,0
367,909,715,13,12,1,-1,-1,-1,0
368,907,719,13,12,1,-1,-1,-1,0
369,901,730,13,12,1,-1,-1,-1,0
370,899,732,13,12,1,-1,-1,-1,0
371,892,739,13,12,1,-1,-1,-1,0
372,884,748,13,12,1,-1,-1,-1,0
373,882,751,13,12,1,-1,-1,-1,0
374,878,755,13,12,1,-1,-1,-1,0
375,864,767,13,12,1,-1,-1,-1,0
376,864,767,13,12,1,-1,-1,-1,0
377,855,775,13,12,1,-1,-1,-1,0
378,843,785,13,12,1,-1,-1,-1,0
379,840,788,13,13,1,-1,-1,-1,0
380,834,793,14,13,1,-1,-1,-1,0
381,829,797,14,14,1,-1,-1,-1,0
382,823,802,15,15,1,-1,-1,-1,0
383,819,807,15,15,1,-1,-1,-1,0
384,814,812,15,15,1,-1,-1,-1,0
385,809,818,15,15,1,-1,-1,-1,0
386,804,823,15,15,1,-1,-1,-1,0
387,796,833,15,15,1,-1,-1,-1,0
388,795,834,15,15,1,-1,-1,-1,0
389,790,838,15,15,1,-1,-1,-1,0
390,785,842,15,15,1,-1,-1,-1,0
391,781,846,15,15,1,-1,-1,-1,0
392,774,853,15,15,1,-1,-1,-1,0
393,771,855,14,14,1,-1,-1,-1,0
394,766,861,10,13,1,-1,-1,-1,0
395,759,869,5,10,1,-1,-1,-1,0
398,751,888,4,8,1,-1,-1,-1,0
399,751,888,4,8,1,-1,-1,-1,0
400,730,893,13,13,1,-1,-1,-1,0
401,729,894,13,13,1,-1,-1,-1,0
402,722,900,13,13,1,-1,-1,-1,0
403,715,905,13,13,1,-1,-1,-1,0
404,708,911,13,13,1,-1,-1,-1,0
405,698,919,13,13,1,-1,-1,-1,0
406,694,919,14,14,1,-1,-1,-1,0
407,688,920,14,14,1,-1,-1,-1,0
408,678,921,15,14,1,-1,-1,-1,0
409,674,922,15,14,1,-1,-1,-1,0
410,668,923,15,14,1,-1,-1,-1,0
411,661,925,15,15,1,-1,-1,-1,0
412,655,926,15,15,1,-1,-1,-1,0
413,648,927,15,15,1,-1,-1,-1,0
414,643,928,15,15,1,-1,-1,-1,0
415,637,928,15,15,1,-1,-1,-1,0
416,632,929,16,15,1,-1,-1,-1,0
417,626,929,16,15,1,-1,-1,-1,0
418,620,930,16,15,1,-1,-1,-1,0
419,615,930,16,15,1,-1,-1,-1,0
420,607,930,16,15,1,-1,-1,-1,0
421,604,930,16,15,1,-1,-1,-1,0
422,594,929,15,14,1,-1,-1,-1,0
423,592,929,15,14,1,-1,-1,-1,0
424,580,929,17,15,1,-1,-1,-1,0
425,594,926,23,15,1,-1,-1,-1,0
426,595,924,23,15,1,-1,-1,-1,0
427,644,919,23,15,1,-1,-1,-1,0
428,657,919,23,15,1,-1,-1,-1,0
429,680,918,23,15,1,-1,-1,-1,0
430,714,917,23,15,1,-1,-1,-1,0
431,728,919,23,16,1,-1,-1,-1,0
432,758,921,22,16,1,-1,-1,-1,1
433,775,923,21,16,1,-1,-1,-1,1
434,799,927,20,17,1,-1,-1,-1,1
435,813,930,21,17,1,-1,-1,-1,1
436,830,935,21,17,1,-1,-1,-1,1
437,847,940,21,17,1,-1,-1,-1,1
438,870,946,22,17,1,-1,-1,-1,1
439,880,950,21,17,1,-1,-1,-1,1
440,895,957,20,17,1,-1,-1,-1,1
441,910,963,19,17,1,-1,-1,-1,1
442,925,969,19,17,1,-1,-1,-1,1
443,944,977,17,17,1,-1,-1,-1,1
444,949,973,17,17,1,-1,-1,-1,0
445,956,967,17,17,1,-1,-1,-1,1
446,963,961,17,17,1,-1,-1,-1,1
447,970,955,17,17,1,-1,-1,-1,1
448,980,946,17,17,1,-1,-1,-1,1
449,983,946,17,17,1,-1,-1,-1,1
450,988,945,17,17,1,-1,-1,-1,1
451,994,944,17,17,1,-1,-1,-1,0
452,999,944,17,17,1,-1,-1,-1,0
453,1005,943,17,17,1,-1,-1,-1,0
454,1010,942,17,17,1,-1,-1,-1,0
455,1019,941,17,17,1,-1,-1,-1,0
456,1019,940,17,17,1,-1,-1,-1,0
457,1016,938,17,17,1,-1,-1,-1,0
458,1014,935,17,17,1,-1,-1,-1,0
459,1012,933,17,17,1,-1,-1,-1,0
460,1009,930,17,17,1,-1,-1,-1,0
461,1007,928,17,17,1,-1,-1,-1,0
462,1004,925,17,17,1,-1,-1,-1,0
463,1002,922,17,17,1,-1,-1,-1,0
464,995,921,17,16,1,-1,-1,-1,0
465,987,919,16,16,1,-1,-1,-1,0
466,980,918,16,16,1,-1,-1,-1,0
467,972,917,16,15,1,-1,-1,-1,0
468,961,914,15,15,1,-1,-1,-1,0
469,956,914,15,15,1,-1,-1,-1,0
470,946,912,16,15,1,-1,-1,-1,0
471,936,911,16,15,1,-1,-1,-1,0
472,927,909,16,15,1,-1,-1,-1,0
473,917,908,16,16,1,-1,-1,-1,0
474,902,905,17,16,1,-1,-1,-1,0
475,897,906,17,16,1,-1,-1,-1,0
476,886,906,17,15,1,-1,-1,-1,0
477,869,908,17,15,1,-1,-1,-1,0
478,866,908,17,15,1,-1,-1,-1,0
479,857,907,16,15,1,-1,-1,-1,0
480,849,907,16,15,1,-1,-1,-1,0
481,849,907,17,15,1,-1,-1,-1,0
482,850,908,17,14,1,-1,-1,-1,0
483,857,908,18,14,1,-1,-1,-1,0
484,867,909,18,14,1,-1,-1,-1,0
485,877,910,18,14,1,-1,-1,-1,0
486,889,911,19,14,1,-1,-1,-1,0
487,903,911,15,14,1,-1,-1,-1,0
488,904,911,16,14,1,-1,-1,-1,0
489,913,911,16,14,1,-1,-1,-1,0
490,923,911,17,14,1,-1,-1,-1,0
491,932,911,18,14,1,-1,-1,-1,0
492,947,911,19,14,1,-1,-1,-1,0
493,950,911,19,14,1,-1,-1,-1,0
494,960,909,18,14,1,-1,-1,-1,0
495,962,909,18,14,1,-1,-1,-1,0
496,967,909,18,14,1,-1,-1,-1,0
497,972,910,17,14,1,-1,-1,-1,0
498,978,911,17,14,1,-1,-1,-1,0
499,983,912,16,14,1,-1,-1,-1,0
500,989,912,16,14,1,-1,-1,-1,0
501,994,913,16,14,1,-1,-1,-1,0
502,1000,914,15,14,1,-1,-1,-1,0
503,1007,915,15,14,1,-1,-1,-1,0
504,1008,915,15,14,1,-1,-1,-1,0
505,1009,916,15,14,1,-1,-1,-1,0
506,1011,916,15,14,1,-1,-1,-1,0
507,1012,917,15,14,1,-1,-1,-1,0
508,1013,918,15,14,1,-1,-1,-1,0
509,1014,919,15,14,1,-1,-1,-1,0
510,1017,920,15,14,1,-1,-1,-1,0
511,1017,920,15,14,1,-1,-1,-1,0
512,1019,920,15,14,1,-1,-1,-1,0
513,1021,919,15,14,1,-1,-1,-1,0
514,1023,919,15,14,1,-1,-1,-1,0
515,1025,918,15,14,1,-1,-1,-1,0
516,1027,918,15,14,1,-1,-1,-1,0
517,1031,917,15,14,1,-1,-1,-1,0
518,1031,917,15,14,1,-1,-1,-1,0
519,1033,918,15,14,1,-1,-1,-1,0
520,1035,918,15,14,1,-1,-1,-1,0
521,1037,918,15,14,1,-1,-1,-1,0
522,1039,918,15,14,1,-1,-1,-1,0
523,1042,918,15,14,1,-1,-1,-1,0
524,1043,919,15,14,1,-1,-1,-1,0
525,1045,919,15,14,1,-1,-1,-1,0
526,1048,920,15,14,1,-1,-1,-1,0
527,1050,920,13,14,1,-1,-1,-1,0
528,1055,920,10,12,1,-1,-1,-1,0
529,1061,919,7,10,1,-1,-1,-1,0
530,1057,915,9,11,1,-1,-1,-1,0
531,1051,908,14,14,1,-1,-1,-1,0
532,1051,907,14,14,1,-1,-1,-1,0
533,1050,902,14,14,1,-1,-1,-1,0
534,1050,896,14,14,1,-1,-1,-1,0
535,1050,895,14,14,1,-1,-1,-1,0
536,1050,893,14,14,1,-1,-1,-1,0
537,1050,891,14,14,1,-1,-1,-1,0
538,1049,888,14,14,1,-1,-1,-1,0
539,1050,887,14,14,1,-1,-1,-1,0
540,1051,886,14,14,1,-1,-1,-1,0
541,1052,884,14,14,1,-1,-1,-1,0
542,1053,884,14,14,1,-1,-1,-1,0
543,1054,884,14,14,1,-1,-1,-1,0
544,1055,884,14,14,1,-1,-1,-1,0
545,1056,884,14,14,1,-1,-1,-1,0
546,1057,883,14,14,1,-1,-1,-1,0
547,1058,883,14,14,1,-1,-1,-1,0
548,1056,882,14,14,1,-1,-1,-1,0
549,1054,880,14,14,1,-1,-1,-1,0
550,1053,879,14,14,1,-1,-1,-1,0
551,1051,877,14,14,1,-1,-1,-1,0
552,1049,875,14,14,1,-1,-1,-1,0
553,1045,872,14,14,1,-1,-1,-1,0
554,1044,872,14,14,1,-1,-1,-1,0
555,1040,869,14,14,1,-1,-1,-1,0
556,1035,866,14,14,1,-1,-1,-1,0
557,1030,863,14,14,1,-1,-1,-1,0
558,1028,863,14,14,1,-1,-1,-1,0
559,1024,862,15,13,1,-1,-1,-1,0
560,1024,862,15,13,1,-1,-1,-1,0
561,1022,862,15,13,1,-1,-1,-1,0
562,1019,862,15,13,1,-1,-1,-1,0
563,1015,862,15,13,1,-1,-1,-1,0
564,1014,862,15,13,1,-1,-1,-1,0
565,1013,861,15,13,1,-1,-1,-1,0
566,1012,861,15,13,1,-1,-1,-1,0
567,1009,859,15,13,1,-1,-1,-1,0
568,1009,859,15,13,1,-1,-1,-1,0
569,1009,860,14,13,1,-1,-1,-1,0
570,1008,860,13,13,1,-1,-1,-1,0
571,1008,860,11,13,1,-1,-1,-1,0
572,1007,860,10,13,1,-1,-1,-1,0
573,1007,860,9,13,1,-1,-1,-1,0
574,1007,859,9,13,1,-1,-1,-1,0
575,1009,859,10,13,1,-1,-1,-1,0
576,1010,858,10,13,1,-1,-1,-1,0
577,1012,857,11,13,1,-1,-1,-1,0
578,1013,856,11,12,1,-1,-1,-1,0
579,1014,855,12,12,1,-1,-1,-1,0
580,1016,854,13,12,1,-1,-1,-1,0
581,1017,854,13,12,1,-1,-1,-1,0
582,1017,854,13,12,1,-1,-1,-1,0
583,1017,853,13,12,1,-1,-1,-1,0
584,1018,853,14,13,1,-1,-1,-1,0
585,1018,853,14,13,1,-1,-1,-1,0
586,1019,852,14,13,1,-1,-1,-1,0
587,1019,852,14,13,1,-1,-1,-1,0
588,1019,851,14,13,1,-1,-1,-1,0
589,1019,851,14,13,1,-1,-1,-1,0
590,1019,850,14,13,1,-1,-1,-1,0
591,1020,850,14,13,1,-1,-1,-1,0
592,1020,850,14,14,1,-1,-1,-1,0
593,1020,849,14,14,1,-1,-1,-1,0
594,1020,847,14,14,1,-1,-1,-1,0
595,1019,845,14,14,1,-1,-1,-1,0
596,1019,844,14,14,1,-1,-1,-1,0
597,1019,842,14,15,1,-1,-1,-1,0
598,1019,839,15,15,1,-1,-1,-1,0
599,1019,838,15,15,1,-1,-1,-1,0
600,1017,835,15,15,1,-1,-1,-1,0
601,1017,835,15,15,1,-1,-1,-1,0
602,1015,833,15,15,1,-1,-1,-1,0
603,1012,832,15,15,1,-1,-1,-1,0
604,1007,830,15,15,1,-1,-1,-1,0
605,1001,827,15,15,1,-1,-1,-1,0
606,996,824,15,15,1,-1,-1,-1,0
607,983,822,16,15,1,-1,-1,-1,0
608,971,820,17,15,1,-1,-1,-1,0
609,956,818,18,15,1,-1,-1,-1,0
610,948,816,18,15,1,-1,-1,-1,0
611,937,813,18,15,1,-1,-1,-1,0
612,922,810,18,15,1,-1,-1,-1,0
613,916,808,18,15,1,-1,-1,-1,0
614,905,806,18,15,1,-1,-1,-1,0
615,894,804,18,15,1,-1,-1,-1,0
616,884,802,18,15,1,-1,-1,-1,0
617,873,799,18,15,1,-1,-1,-1,0
618,862,797,18,15,1,-1,-1,-1,0
619,851,794,18,15,1,-1,-1,-1,0
620,849,794,18,15,1,-1,-1,-1,0
621,840,792,18,15,1,-1,-1,-1,0
622,831,791,18,15,1,-1,-1,-1,0
623,823,789,18,15,1,-1,-1,-1,0
624,813,787,18,15,1,-1,-1,-1,0
625,803,786,18,15,1,-1,-1,-1,0
626,788,783,18,15,1,-1,-1,-1,0
627,785,783,18,15,1,-1,-1,-1,0
628,774,783,18,15,1,-1,-1,-1,0
629,773,778,18,17,1,-1,-1,-1,0
630,765,745,14,30,1,-1,-1,-1,1
631,765,737,14,30,1,-1,-1,-1,1
632,765,669,14,27,1,-1,-1,-1,1
633,765,658,14,26,1,-1,-1,-1,1
634,765,617,14,23,1,-1,-1,-1,1
635,764,572,14,19,1,-1,-1,-1,1
636,764,557,14,26,1,-1,-1,-1,1
637,765,527,14,24,1,-1,-1,-1,1
638,766,483,14,21,1,-1,-1,-1,1
639,767,470,14,21,1,-1,-1,-1,1
640,770,446,14,21,1,-1,-1,-1,1
641,774,408,14,21,1,-1,-1,-1,1
642,774,401,14,21,1,-1,-1,-1,1
643,777,380,14,20,1,-1,-1,-1,1
644,781,345,14,18,1,-1,-1,-1,1
645,783,327,14,17,1,-1,-1,-1,1
646,787,307,14,17,1,-1,-1,-1,1
647,787,306,14,17,1,-1,-1,-1,1
648,792,275,14,17,1,-1,-1,-1,1
649,792,275,14,17,1,-1,-1,-1,1
650,795,261,14,17,1,-1,-1,-1,1
651,799,247,14,17,1,-1,-1,-1,1
652,802,234,13,17,1,-1,-1,-1,1
653,807,211,13,16,1,-1,-1,-1,1
654,809,206,13,16,1,-1,-1,-1,1
655,816,192,13,16,1,-1,-1,-1,1
656,817,189,14,15,1,-1,-1,-1,1
657,821,181,14,15,1,-1,-1,-1,1
658,828,168,15,14,1,-1,-1,-1,1
659,830,167,15,14,1,-1,-1,-1,1
660,836,163,15,14,1,-1,-1,-1,1
661,842,159,15,14,1,-1,-1,-1,1
662,848,155,15,14,1,-1,-1,-1,1
663,854,152,15,14,1,-1,-1,-1,1
664,860,148,15,14,1,-1,-1,-1,1
665,868,142,15,14,1,-1,-1,-1,1
666,873,142,15,14,1,-1,-1,-1,1
667,879,142,14,14,1,-1,-1,-1,1
668,885,142,14,14,1,-1,-1,-1,1
669,895,142,14,14,1,-1,-1,-1,1
670,898,143,14,14,1,-1,-1,-1,1
671,905,146,14,14,1,-1,-1,-1,1
672,912,148,14,14,1,-1,-1,-1,1
673,923,152,14,14,1,-1,-1,-1,1
674,926,154,14,14,1,-1,-1,-1,1
675,936,161,14,14,1,-1,-1,-1,1
676,944,166,14,14,1,-1,-1,-1,1
677,950,172,14,14,1,-1,-1,-1,1
678,958,179,14,14,1,-1,-1,-1,1
679,965,186,14,14,1,-1,-1,-1,1
680,972,193,14,14,1,-1,-1,-1,1
681,979,201,14,14,1,-1,-1,-1,1
682,986,210,14,15,1,-1,-1,-1,1
683,993,216,14,15,1,-1,-1,-1,1
684,999,223,14,15,1,-1,-1,-1,1
685,1009,235,15,16,1,-1,-1,-1,1
686,1016,244,14,15,1,-1,-1,-1,1
687,1024,254,13,15,1,-1,-1,-1,1
688,1033,265,12,14,1,-1,-1,-1,1
689,1042,276,11,13,1,-1,-1,-1,1
690,1049,287,11,13,1,-1,-1,-1,1
691,1057,299,12,13,1,-1,-1,-1,1
692,1067,313,12,13,1,-1,-1,-1,1
693,1071,312,12,13,1,-1,-1,-1,0
694,1079,309,12,13,1,-1,-1,-1,1
695,1085,294,12,13,1,-1,-1,-1,1
696,1088,288,11,12,1,-1,-1,-1,1
697,1096,270,11,12,1,-1,-1,-1,1
698,1098,265,11,12,1,-1,-1,-1,1
699,1106,249,11,12,1,-1,-1,-1,1
700,1112,238,11,12,1,-1,-1,-1,1
701,1113,238,11,12,1,-1,-1,-1,1
702,1124,222,11,12,1,-1,-1,-1,1
703,1128,219,11,12,1,-1,-1,-1,1
704,1134,213,11,12,1,-1,-1,-1,1
705,1144,203,11,12,1,-1,-1,-1,1
706,1150,199,11,12,1,-1,-1,-1,1
707,1156,195,11,12,1,-1,-1,-1,1
708,1160,194,11,12,1,-1,-1,-1,1
709,1167,193,11,12,1,-1,-1,-1,1
710,1174,192,11,12,1,-1,-1,-1,1
711,1181,191,11,12,1,-1,-1,-1,1
712,1188,190,11,12,1,-1,-1,-1,1
713,1197,188,11,12,1,-1,-1,-1,1
714,1202,191,11,12,1,-1,-1,-1,1
715,1210,195,11,12,1,-1,-1,-1,1
716,1218,199,11,12,1,-1,-1,-1,1
717,1227,202,11,12,1,-1,-1,-1,1
718,1235,206,11,12,1,-1,-1,-1,1
719,1243,210,11,12,1,-1,-1,-1,1
720,1251,214,11,12,1,-1,-1,-1,1
721,1263,220,11,12,1,-1,-1,-1,1
722,1268,219,11,12,1,-1,-1,-1,0
723,1279,218,11,12,1,-1,-1,-1,0
724,1289,217,11,12,1,-1,-1,-1,0
725,1300,216,11,12,1,-1,-1,-1,0
726,1311,215,11,12,1,-1,-1,-1,0
727,1322,213,11,12,1,-1,-1,-1,0
728,1332,212,11,12,1,-1,-1,-1,0
729,1343,211,11,12,1,-1,-1,-1,0
730,1354,210,11,12,1,-1,-1,-1,0
731,1368,208,11,12,1,-1,-1,-1,0
732,1376,206,11,12,1,-1,-1,-1,0
733,1388,203,11,11,1,-1,-1,-1,0
734,1399,200,11,11,1,-1,-1,-1,0
735,1411,197,11,11,1,-1,-1,-1,0
736,1422,194,11,10,1,-1,-1,-1,0
737,1434,191,10,10,1,-1,-1,-1,0
738,1445,187,10,9,1,-1,-1,-1,0
739,1457,184,10,9,1,-1,-1,-1,0
740,1469,181,10,9,1,-1,-1,-1,0
741,1483,177,10,8,1,-1,-1,-1,0
742,1482,177,11,12,1,-1,-1,-1,0
743,1491,180,11,12,1,-1,-1,-1,0
744,1501,183,10,11,1,-1,-1,-1,0
745,1511,187,10,11,1,-1,-1,-1,0
746,1520,190,9,11,1,-1,-1,-1,0
747,1530,193,9,10,1,-1,-1,-1,0
748,1540,197,9,10,1,-1,-1,-1,0
749,1549,200,8,10,1,-1,-1,-1,0
750,1549,200,8,10,1,-1,-1,-1,0
