1,1666,793,11,8,1,-1,-1,-1,0
2,1666,793,11,8,1,-1,-1,-1,0
3,1667,793,10,8,1,-1,-1,-1,0
4,1667,794,10,8,1,-1,-1,-1,0
5,1667,794,10,8,1,-1,-1,-1,0
6,1667,794,10,8,1,-1,-1,-1,0
7,1668,794,9,8,1,-1,-1,-1,0
8,1668,794,9,8,1,-1,-1,-1,0
9,1668,795,9,8,1,-1,-1,-1,0
10,1668,795,9,8,1,-1,-1,-1,0
11,1669,795,8,8,1,-1,-1,-1,0
12,1669,795,8,8,1,-1,-1,-1,0
13,1669,795,8,8,1,-1,-1,-1,0
14,1670,795,8,8,1,-1,-1,-1,0
15,1670,795,8,8,1,-1,-1,-1,0
16,1670,795,8,8,1,-1,-1,-1,0
17,1671,795,8,8,1,-1,-1,-1,0
18,1671,795,8,8,1,-1,-1,-1,0
19,1672,794,8,8,1,-1,-1,-1,0
20,1672,794,8,8,1,-1,-1,-1,0
21,1673,794,8,8,1,-1,-1,-1,0
22,1673,794,8,8,1,-1,-1,-1,0
23,1673,794,8,8,1,-1,-1,-1,0
24,1674,794,8,8,1,-1,-1,-1,0
25,1674,794,8,8,1,-1,-1,-1,0
26,1675,793,8,8,1,-1,-1,-1,0
27,1675,793,8,8,1,-1,-1,-1,0
28,1675,793,8,8,1,-1,-1,-1,0
29,1675,793,8,8,1,-1,-1,-1,0
30,1675,793,8,8,1,-1,-1,-1,0
31,1675,792,8,8,1,-1,-1,-1,0
32,1675,792,7,8,1,-1,-1,-1,0
33,1675,792,7,8,1,-1,-1,-1,0
34,1675,791,7,8,1,-1,-1,-1,0
35,1675,791,7,8,1,-1,-1,-1,0
36,1675,791,7,8,1,-1,-1,-1,0
37,1675,791,7,8,1,-1,-1,-1,0
38,1675,790,7,8,1,-1,-1,-1,0
39,1675,790,7,8,1,-1,-1,-1,0
40,1675,790,7,8,1,-1,-1,-1,0
41,1675,790,7,8,1,-1,-1,-1,0
42,1675,789,7,8,1,-1,-1,-1,0
43,1675,789,7,8,1,-1,-1,-1,0
44,1675,789,7,8,1,-1,-1,-1,0
45,1675,789,7,8,1,-1,-1,-1,0
46,1675,788,7,8,1,-1,-1,-1,0
47,1675,788,7,8,1,-1,-1,-1,0
48,1675,788,7,8,1,-1,-1,-1,0
49,1675,788,7,8,1,-1,-1,-1,0
50,1675,787,7,8,1,-1,-1,-1,0
51,1675,787,7,8,1,-1,-1,-1,0
52,1676,787,7,8,1,-1,-1,-1,0
53,1676,787,7,8,1,-1,-1,-1,0
54,1677,787,7,8,1,-1,-1,-1,0
55,1677,787,7,8,1,-1,-1,-1,0
56,1677,787,7,8,1,-1,-1,-1,0
57,1678,787,7,8,1,-1,-1,-1,0
58,1678,787,7,8,1,-1,-1,-1,0
59,1679,787,7,8,1,-1,-1,-1,0
60,1679,787,7,8,1,-1,-1,-1,0
61,1680,787,7,8,1,-1,-1,-1,0
62,1680,787,7,8,1,-1,-1,-1,0
63,1681,787,7,8,1,-1,-1,-1,0
64,1681,787,7,8,1,-1,-1,-1,0
65,1682,786,7,8,1,-1,-1,-1,0
66,1683,787,7,8,1,-1,-1,-1,0
67,1684,787,7,8,1,-1,-1,-1,0
68,1685,787,7,8,1,-1,-1,-1,0
69,1686,787,7,8,1,-1,-1,-1,0
70,1687,787,7,8,1,-1,-1,-1,0
71,1688,787,7,8,1,-1,-1,-1,0
72,1689,787,7,8,1,-1,-1,-1,0
73,1690,787,7,8,1,-1,-1,-1,0
74,1691,787,7,8,1,-1,-1,-1,0
75,1692,787,7,8,1,-1,-1,-1,0
76,1694,787,7,8,1,-1,-1,-1,0
77,1694,787,7,8,1,-1,-1,-1,0
78,1694,787,7,8,1,-1,-1,-1,0
79,1694,788,7,8,1,-1,-1,-1,0
80,1694,788,8,9,1,-1,-1,-1,0
81,1695,788,8,9,1,-1,-1,-1,0
82,1695,789,8,9,1,-1,-1,-1,0
83,1695,788,8,10,1,-1,-1,-1,0
84,1695,788,8,10,1,-1,-1,-1,0
85,1695,788,8,10,1,-1,-1,-1,0
86,1695,788,9,10,1,-1,-1,-1,0
87,1695,788,9,10,1,-1,-1,-1,0
88,1695,788,9,10,1,-1,-1,-1,0
89,1695,788,9,10,1,-1,-1,-1,0
90,1695,788,9,11,1,-1,-1,-1,0
91,1695,788,9,11,1,-1,-1,-1,0
92,1695,788,10,11,1,-1,-1,-1,0
93,1695,788,10,11,1,-1,-1,-1,0
94,1695,788,10,11,1,-1,-1,-1,0
95,1695,788,10,11,1,-1,-1,-1,0
96,1695,788,10,11,1,-1,-1,-1,0
97,1695,788,10,11,1,-1,-1,-1,0
98,1695,788,10,11,1,-1,-1,-1,0
99,1695,788,10,11,1,-1,-1,-1,0
100,1695,788,10,11,1,-1,-1,-1,0
101,1695,788,10,11,1,-1,-1,-1,0
102,1694,788,10,11,1,-1,-1,-1,0
103,1694,788,10,11,1,-1,-1,-1,0
104,1694,788,10,11,1,-1,-1,-1,0
105,1694,788,10,11,1,-1,-1,-1,0
106,1694,788,10,11,1,-1,-1,-1,0
107,1694,788,10,11,1,-1,-1,-1,0
108,1694,788,10,11,1,-1,-1,-1,0
109,1694,788,10,10,1,-1,-1,-1,0
110,1694,788,10,10,1,-1,-1,-1,0
111,1694,788,10,10,1,-1,-1,-1,0
112,1694,788,10,10,1,-1,-1,-1,0
113,1694,788,10,10,1,-1,-1,-1,0
114,1694,788,10,10,1,-1,-1,-1,0
115,1694,788,10,10,1,-1,-1,-1,0
116,1694,788,10,10,1,-1,-1,-1,0
117,1694,788,10,10,1,-1,-1,-1,0
118,1694,788,10,10,1,-1,-1,-1,0
119,1694,788,10,10,1,-1,-1,-1,0
120,1694,788,10,10,1,-1,-1,-1,0
121,1694,788,10,10,1,-1,-1,-1,0
122,1694,788,10,10,1,-1,-1,-1,0
123,1694,788,10,10,1,-1,-1,-1,0
124,1694,788,9,10,1,-1,-1,-1,0
125,1694,788,9,10,1,-1,-1,-1,0
126,1695,788,9,10,1,-1,-1,-1,0
127,1694,788,9,10,1,-1,-1,-1,0
128,1694,788,9,10,1,-1,-1,-1,0
129,1693,788,9,10,1,-1,-1,-1,0
130,1693,788,9,10,1,-1,-1,-1,0
131,1692,787,9,10,1,-1,-1,-1,0
132,1692,787,9,10,1,-1,-1,-1,0
133,1692,787,9,10,1,-1,-1,-1,0
134,1692,787,8,10,1,-1,-1,-1,0
135,1692,787,8,10,1,-1,-1,-1,0
136,1693,787,7,10,1,-1,-1,-1,0
137,1693,787,7,10,1,-1,-1,-1,0
138,1694,787,6,10,1,-1,-1,-1,0
139,1694,787,6,10,1,-1,-1,-1,0
140,1693,787,6,10,1,-1,-1,-1,0
141,1693,787,6,10,1,-1,-1,-1,0
142,1693,787,6,10,1,-1,-1,-1,0
143,1693,787,6,10,1,-1,-1,-1,0
144,1693,787,6,10,1,-1,-1,-1,0
145,1693,787,6,10,1,-1,-1,-1,0
146,1693,787,6,10,1,-1,-1,-1,0
147,1693,788,6,9,1,-1,-1,-1,0
148,1692,788,6,9,1,-1,-1,-1,0
149,1692,788,6,9,1,-1,-1,-1,0
150,1692,788,6,9,1,-1,-1,-1,0
151,1692,788,6,9,1,-1,-1,-1,0
152,1693,790,6,8,1,-1,-1,-1,0
153,1694,791,6,8,1,-1,-1,-1,0
154,1695,792,6,8,1,-1,-1,-1,0
155,1697,793,6,7,1,-1,-1,-1,0
156,1698,795,6,7,1,-1,-1,-1,0
157,1699,796,6,6,1,-1,-1,-1,0
158,1698,795,6,7,1,-1,-1,-1,0
159,1696,793,7,7,1,-1,-1,-1,0
160,1694,791,8,8,1,-1,-1,-1,0
161,1693,790,9,9,1,-1,-1,-1,0
162,1690,787,10,10,1,-1,-1,-1,0
163,1691,787,10,10,1,-1,-1,-1,0
164,1691,787,10,10,1,-1,-1,-1,0
165,1692,787,10,10,1,-1,-1,-1,0
166,1693,786,11,9,1,-1,-1,-1,0
167,1667,769,12,10,1,-1,-1,-1,0
168,1631,745,13,11,1,-1,-1,-1,1
169,1585,714,11,10,1,-1,-1,-1,1
170,1547,689,22,14,1,-1,-1,-1,1
171,1513,668,21,14,1,-1,-1,-1,1
172,1477,645,22,15,1,-1,-1,-1,1
173,1450,629,11,10,1,-1,-1,-1,1
174,1411,606,24,17,1,-1,-1,-1,1
175,1401,601,21,16,1,-1,-1,-1,1
176,1359,577,11,10,1,-1,-1,-1,1
177,1325,560,18,12,1,-1,-1,-1,1
178,1301,548,10,9,1,-1,-1,-1,1
179,1267,533,21,13,1,-1,-1,-1,1
180,1243,522,18,11,1,-1,-1,-1,1
181,1216,513,17,9,1,-1,-1,-1,1
182,1219,513,10,9,1,-1,-1,-1,1
183,1189,502,18,11,1,-1,-1,-1,1
184,1167,494,15,9,1,-1,-1,-1,1
185,1116,479,18,10,1,-1,-1,-1,1
186,1093,473,16,9,1,-1,-1,-1,1
187,1091,473,16,9,1,-1,-1,-1,1
188,1047,464,16,9,1,-1,-1,-1,1
189,1023,460,18,9,1,-1,-1,-1,1
190,1003,458,17,9,1,-1,-1,-1,1
191,980,456,17,9,1,-1,-1,-1,1
192,980,456,18,9,1,-1,-1,-1,1
193,938,454,16,9,1,-1,-1,-1,1
194,918,454,16,9,1,-1,-1,-1,1
195,896,454,16,9,1,-1,-1,-1,1
196,877,455,15,8,1,-1,-1,-1,1
197,857,458,16,9,1,-1,-1,-1,1
198,839,459,16,9,1,-1,-1,-1,1
199,816,465,14,9,1,-1,-1,-1,1
200,798,469,16,9,1,-1,-1,-1,1
201,778,471,12,9,1,-1,-1,-1,1
202,755,477,17,11,1,-1,-1,-1,1
203,740,483,16,9,1,-1,-1,-1,1
204,719,491,17,9,1,-1,-1,-1,1
205,701,498,18,10,1,-1,-1,-1,1
206,679,505,18,11,1,-1,-1,-1,1
207,662,514,17,10,1,-1,-1,-1,1
208,644,524,16,9,1,-1,-1,-1,1
209,624,532,18,11,1,-1,-1,-1,1
210,620,535,18,11,1,-1,-1,-1,1
211,590,554,17,11,1,-1,-1,-1,1
212,571,563,17,13,1,-1,-1,-1,1
213,553,576,17,12,1,-1,-1,-1,1
214,535,588,16,12,1,-1,-1,-1,1
215,516,601,17,14,1,-1,-1,-1,1
216,500,616,14,12,1,-1,-1,-1,0
217,495,611,12,12,1,-1,-1,-1,0
218,495,611,12,12,1,-1,-1,-1,0
219,486,613,11,11,1,-1,-1,-1,0
220,474,611,13,11,1,-1,-1,-1,0
221,466,611,13,11,1,-1,-1,-1,0
222,460,611,12,11,1,-1,-1,-1,0
223,460,611,12,11,1,-1,-1,-1,0
224,454,610,13,11,1,-1,-1,-1,0
225,449,610,13,11,1,-1,-1,-1,0
226,443,610,10,11,1,-1,-1,-1,0
227,434,608,14,12,1,-1,-1,-1,0
228,431,607,12,11,1,-1,-1,-1,0
229,428,607,13,11,1,-1,-1,-1,0
230,426,607,12,11,1,-1,-1,-1,0
231,427,607,10,11,1,-1,-1,-1,0
232,426,606,11,11,1,-1,-1,-1,0
233,424,606,13,12,1,-1,-1,-1,0
234,426,606,11,11,1,-1,-1,-1,0
235,429,605,12,11,1,-1,-1,-1,0
236,432,604,12,11,1,-1,-1,-1,0
237,436,603,13,12,1,-1,-1,-1,0
238,442,604,10,11,1,-1,-1,-1,0
239,447,602,12,11,1,-1,-1,-1,0
240,447,602,12,11,1,-1,-1,-1,0
241,454,601,14,11,1,-1,-1,-1,0
242,459,601,12,11,1,-1,-1,-1,0
243,461,600,12,11,1,-1,-1,-1,0
244,469,599,10,11,1,-1,-1,-1,0
245,473,599,13,11,1,-1,-1,-1,0
246,474,599,13,11,1,-1,-1,-1,0
247,482,597,13,11,1,-1,-1,-1,0
248,483,597,13,11,1,-1,-1,-1,0
249,487,597,12,11,1,-1,-1,-1,0
250,494,596,10,11,1,-1,-1,-1,0
251,494,596,11,11,1,-1,-1,-1,0
252,496,595,11,12,1,-1,-1,-1,0
253,497,593,12,12,1,-1,-1,-1,0
254,499,592,13,13,1,-1,-1,-1,0
255,500,592,12,12,1,-1,-1,-1,0
256,502,591,12,12,1,-1,-1,-1,0
257,504,591,10,11,1,-1,-1,-1,0
258,504,590,11,11,1,-1,-1,-1,0
259,504,589,12,12,1,-1,-1,-1,0
260,505,589,12,12,1,-1,-1,-1,0
261,505,589,12,11,1,-1,-1,-1,0
262,506,588,11,11,1,-1,-1,-1,0
263,508,588,10,11,1,-1,-1,-1,0
264,507,587,11,11,1,-1,-1,-1,0
265,504,586,13,12,1,-1,-1,-1,0
266,506,585,12,12,1,-1,-1,-1,0
267,506,585,12,12,1,-1,-1,-1,0
268,505,584,12,12,1,-1,-1,-1,0
269,506,584,12,12,1,-1,-1,-1,0
270,507,583,10,11,1,-1,-1,-1,0
271,507,582,12,12,1,-1,-1,-1,0
272,508,582,12,12,1,-1,-1,-1,0
273,510,580,12,12,1,-1,-1,-1,0
274,513,580,11,12,1,-1,-1,-1,0
275,514,580,11,12,1,-1,-1,-1,0
276,519,579,10,11,1,-1,-1,-1,0
277,512,581,11,11,1,-1,-1,-1,0
278,505,583,13,12,1,-1,-1,-1,0
279,504,584,13,12,1,-1,-1,-1,0
280,494,588,13,12,1,-1,-1,-1,0
281,492,590,12,11,1,-1,-1,-1,0
282,489,593,12,11,1,-1,-1,-1,0
283,487,596,12,11,1,-1,-1,-1,0
284,485,598,13,12,1,-1,-1,-1,0
285,485,598,13,12,1,-1,-1,-1,0
286,483,602,12,11,1,-1,-1,-1,0
287,483,603,12,11,1,-1,-1,-1,0
288,484,605,12,11,1,-1,-1,-1,0
289,481,606,12,12,1,-1,-1,-1,0
290,481,606,12,12,1,-1,-1,-1,0
291,476,608,13,13,1,-1,-1,-1,0
292,474,609,13,12,1,-1,-1,-1,0
293,469,611,12,12,1,-1,-1,-1,0
294,468,612,12,12,1,-1,-1,-1,0
295,466,613,12,11,1,-1,-1,-1,0
296,456,615,14,12,1,-1,-1,-1,0
297,453,616,14,12,1,-1,-1,-1,0
298,447,617,13,12,1,-1,-1,-1,0
299,443,619,12,12,1,-1,-1,-1,0
300,441,619,12,11,1,-1,-1,-1,0
301,435,620,12,11,1,-1,-1,-1,0
302,431,622,12,11,1,-1,-1,-1,0
303,425,623,12,11,1,-1,-1,-1,0
304,419,625,15,11,1,-1,-1,-1,0
305,419,625,14,11,1,-1,-1,-1,0
306,412,627,12,11,1,-1,-1,-1,0
307,410,627,12,11,1,-1,-1,-1,0
308,403,629,12,11,1,-1,-1,-1,0
309,401,629,12,11,1,-1,-1,-1,0
310,396,631,12,12,1,-1,-1,-1,0
311,392,631,13,12,1,-1,-1,-1,0
312,392,632,13,12,1,-1,-1,-1,0
313,386,634,12,11,1,-1,-1,-1,0
314,386,634,12,11,1,-1,-1,-1,0
315,393,634,14,11,1,-1,-1,-1,0
316,397,634,14,11,1,-1,-1,-1,0
317,415,633,16,12,1,-1,-1,-1,0
318,425,634,14,11,1,-1,-1,-1,0
319,428,634,14,11,1,-1,-1,-1,0
320,436,635,12,11,1,-1,-1,-1,0
321,448,639,12,11,1,-1,-1,-1,0
322,456,643,14,12,1,-1,-1,-1,0
323,459,643,12,13,1,-1,-1,-1,0
324,462,643,13,12,1,-1,-1,-1,0
325,463,644,12,12,1,-1,-1,-1,0
326,465,646,12,11,1,-1,-1,-1,0
327,464,648,13,12,1,-1,-1,-1,0
328,461,649,14,12,1,-1,-1,-1,0
329,459,649,13,12,1,-1,-1,-1,0
330,455,650,12,13,1,-1,-1,-1,0
331,451,650,12,13,1,-1,-1,-1,0
332,450,650,12,14,1,-1,-1,-1,0
333,444,650,11,14,1,-1,-1,-1,0
334,438,651,15,14,1,-1,-1,-1,0
335,438,651,15,14,1,-1,-1,-1,0
336,432,652,13,14,1,-1,-1,-1,0
337,432,652,13,14,1,-1,-1,-1,0
338,426,653,12,14,1,-1,-1,-1,0
339,419,653,11,14,1,-1,-1,-1,0
340,413,654,14,14,1,-1,-1,-1,0
341,407,655,15,13,1,-1,-1,-1,0
342,406,655,15,13,1,-1,-1,-1,0
343,396,656,14,12,1,-1,-1,-1,0
344,391,657,11,14,1,-1,-1,-1,0
345,384,657,12,14,1,-1,-1,-1,0
346,381,656,13,14,1,-1,-1,-1,0
347,369,655,15,13,1,-1,-1,-1,0
348,385,647,20,13,1,-1,-1,-1,0
349,427,634,26,14,1,-1,-1,-1,1
350,473,618,26,16,1,-1,-1,-1,1
351,526,605,20,14,1,-1,-1,-1,1
352,569,590,26,16,1,-1,-1,-1,1
353,614,576,23,14,1,-1,-1,-1,1
354,653,565,28,15,1,-1,-1,-1,1
355,698,553,23,14,1,-1,-1,-1,1
356,738,540,24,14,1,-1,-1,-1,1
357,778,529,23,14,1,-1,-1,-1,1
358,787,526,23,14,1,-1,-1,-1,1
359,849,510,24,14,1,-1,-1,-1,1
360,883,501,25,15,1,-1,-1,-1,1
361,918,492,24,13,1,-1,-1,-1,1
362,927,489,23,13,1,-1,-1,-1,1
363,982,475,21,11,1,-1,-1,-1,1
364,1012,468,21,11,1,-1,-1,-1,1
365,1038,462,21,12,1,-1,-1,-1,1
366,1061,456,22,12,1,-1,-1,-1,1
367,1089,449,22,13,1,-1,-1,-1,1
368,1100,447,21,12,1,-1,-1,-1,1
369,1139,441,19,10,1,-1,-1,-1,1
370,1145,439,19,10,1,-1,-1,-1,1
371,1182,431,20,12,1,-1,-1,-1,1
372,1194,430,20,12,1,-1,-1,-1,1
373,1223,426,20,12,1,-1,-1,-1,1
374,1232,425,19,12,1,-1,-1,-1,1
375,1250,424,18,10,1,-1,-1,-1,1
376,1268,422,16,9,1,-1,-1,-1,1
377,1305,422,16,9,1,-1,-1,-1,1
378,1326,422,16,9,1,-1,-1,-1,1
379,1345,423,16,9,1,-1,-1,-1,1
380,1354,424,16,9,1,-1,-1,-1,1
381,1388,427,16,9,1,-1,-1,-1,1
382,1407,429,17,9,1,-1,-1,-1,1
383,1427,432,20,10,1,-1,-1,-1,1
384,1449,435,18,10,1,-1,-1,-1,1
385,1471,440,19,11,1,-1,-1,-1,1
386,1491,445,19,12,1,-1,-1,-1,1
387,1498,447,19,11,1,-1,-1,-1,1
388,1533,458,16,9,1,-1,-1,-1,1
389,1552,464,19,14,1,-1,-1,-1,1
390,1574,475,16,9,1,-1,-1,-1,1
391,1593,483,16,9,1,-1,-1,-1,1
392,1612,489,18,13,1,-1,-1,-1,1
393,1631,499,19,13,1,-1,-1,-1,1
394,1648,509,18,14,1,-1,-1,-1,1
395,1667,520,17,12,1,-1,-1,-1,1
396,1661,525,14,10,1,-1,-1,-1,1
397,1659,541,13,10,1,-1,-1,-1,1
398,1642,559,15,13,1,-1,-1,-1,1
399,1621,576,17,14,1,-1,-1,-1,1
400,1607,583,16,13,1,-1,-1,-1,1
401,1594,576,16,12,1,-1,-1,-1,0
402,1591,574,18,14,1,-1,-1,-1,1
403,1566,559,18,16,1,-1,-1,-1,1
404,1552,555,17,14,1,-1,-1,-1,1
405,1548,554,17,13,1,-1,-1,-1,1
406,1538,551,16,13,1,-1,-1,-1,1
407,1511,546,16,12,1,-1,-1,-1,1
408,1496,543,16,13,1,-1,-1,-1,1
409,1483,542,16,14,1,-1,-1,-1,1
410,1472,541,17,15,1,-1,-1,-1,1
411,1458,543,16,13,1,-1,-1,-1,1
412,1444,544,18,14,1,-1,-1,-1,1
413,1432,549,16,12,1,-1,-1,-1,1
414,1418,551,18,15,1,-1,-1,-1,1
415,1406,556,17,13,1,-1,-1,-1,1
416,1406,556,15,13,1,-1,-1,-1,1
417,1395,562,13,12,1,-1,-1,-1,1
418,1387,563,11,12,1,-1,-1,-1,1
423,1363,581,14,12,1,-1,-1,-1,1
424,1365,584,14,12,1,-1,-1,-1,1
425,1370,585,15,12,1,-1,-1,-1,1
426,1372,586,14,12,1,-1,-1,-1,1
427,1383,589,11,13,1,-1,-1,-1,1
428,1388,592,13,13,1,-1,-1,-1,1
429,1394,594,16,12,1,-1,-1,-1,1
430,1394,594,16,12,1,-1,-1,-1,1
431,1401,597,16,12,1,-1,-1,-1,1
432,1400,600,16,13,1,-1,-1,-1,1
433,1402,601,16,13,1,-1,-1,-1,1
434,1403,602,16,15,1,-1,-1,-1,1
435,1403,603,16,14,1,-1,-1,-1,1
436,1403,608,15,13,1,-1,-1,-1,1
437,1403,610,15,13,1,-1,-1,-1,1
438,1403,616,16,12,1,-1,-1,-1,1
439,1405,619,15,16,1,-1,-1,-1,1
440,1408,621,14,15,1,-1,-1,-1,0
441,1412,617,14,14,1,-1,-1,-1,0
442,1417,612,14,15,1,-1,-1,-1,0
443,1422,609,15,16,1,-1,-1,-1,0
444,1426,607,15,16,1,-1,-1,-1,0
445,1435,604,15,16,1,-1,-1,-1,0
446,1441,603,13,13,1,-1,-1,-1,0
447,1445,603,14,12,1,-1,-1,-1,0
448,1445,603,14,12,1,-1,-1,-1,0
449,1457,605,15,14,1,-1,-1,-1,0
450,1465,603,15,13,1,-1,-1,-1,0
451,1471,599,15,16,1,-1,-1,-1,0
452,1479,599,15,12,1,-1,-1,-1,0
453,1485,597,15,13,1,-1,-1,-1,0
454,1490,596,15,12,1,-1,-1,-1,0
455,1491,596,15,12,1,-1,-1,-1,0
456,1498,595,15,16,1,-1,-1,-1,0
457,1505,591,13,14,1,-1,-1,-1,0
458,1511,588,13,14,1,-1,-1,-1,0
459,1516,588,14,13,1,-1,-1,-1,0
460,1523,588,14,12,1,-1,-1,-1,0
461,1523,588,14,12,1,-1,-1,-1,0
462,1540,583,13,14,1,-1,-1,-1,0
463,1549,583,13,14,1,-1,-1,-1,0
464,1558,583,14,12,1,-1,-1,-1,0
465,1566,582,13,13,1,-1,-1,-1,0
466,1570,582,14,12,1,-1,-1,-1,0
467,1573,581,13,12,1,-1,-1,-1,0
468,1574,581,13,11,1,-1,-1,-1,0
469,1579,580,14,11,1,-1,-1,-1,0
470,1581,579,13,14,1,-1,-1,-1,0
471,1586,581,13,10,1,-1,-1,-1,0
472,1590,581,12,12,1,-1,-1,-1,0
473,1594,582,12,11,1,-1,-1,-1,0
474,1597,581,13,12,1,-1,-1,-1,0
475,1600,580,13,14,1,-1,-1,-1,0
476,1600,580,13,14,1,-1,-1,-1,0
477,1611,580,13,14,1,-1,-1,-1,0
478,1612,579,13,14,1,-1,-1,-1,0
479,1625,579,13,14,1,-1,-1,-1,0
480,1629,579,13,14,1,-1,-1,-1,0
481,1644,578,13,12,1,-1,-1,-1,0
482,1644,576,13,13,1,-1,-1,-1,0
483,1644,570,13,14,1,-1,-1,-1,0
484,1630,564,13,14,1,-1,-1,-1,0
485,1602,551,13,14,1,-1,-1,-1,1
486,1601,552,13,14,1,-1,-1,-1,1
487,1560,531,15,13,1,-1,-1,-1,1
488,1546,525,15,13,1,-1,-1,-1,1
489,1520,511,16,13,1,-1,-1,-1,1
490,1507,503,15,13,1,-1,-1,-1,1
491,1492,492,13,14,1,-1,-1,-1,1
492,1470,478,17,14,1,-1,-1,-1,1
493,1466,475,16,14,1,-1,-1,-1,1
494,1442,458,16,14,1,-1,-1,-1,1
495,1430,446,13,14,1,-1,-1,-1,1
496,1429,445,13,14,1,-1,-1,-1,1
497,1414,434,14,14,1,-1,-1,-1,1
498,1391,417,15,14,1,-1,-1,-1,1
499,1386,413,15,14,1,-1,-1,-1,1
500,1369,398,13,14,1,-1,-1,-1,1
501,1362,393,13,14,1,-1,-1,-1,1
502,1349,382,13,14,1,-1,-1,-1,1
503,1334,369,13,14,1,-1,-1,-1,1
504,1321,360,16,15,1,-1,-1,-1,1
505,1320,359,16,15,1,-1,-1,-1,1
506,1302,343,13,14,1,-1,-1,-1,1
507,1295,338,14,14,1,-1,-1,-1,1
508,1279,327,16,15,1,-1,-1,-1,1
509,1273,323,15,15,1,-1,-1,-1,1
510,1259,314,13,14,1,-1,-1,-1,1
511,1247,305,17,16,1,-1,-1,-1,1
512,1246,304,17,16,1,-1,-1,-1,1
513,1225,295,13,14,1,-1,-1,-1,1
514,1217,292,15,14,1,-1,-1,-1,1
515,1202,285,18,15,1,-1,-1,-1,1
516,1192,283,17,13,1,-1,-1,-1,1
517,1189,282,17,13,1,-1,-1,-1,1
518,1168,279,17,13,1,-1,-1,-1,1
519,1151,274,20,15,1,-1,-1,-1,1
520,1150,274,20,15,1,-1,-1,-1,1
521,1127,274,17,13,1,-1,-1,-1,1
522,1116,274,18,14,1,-1,-1,-1,1
523,1097,273,20,16,1,-1,-1,-1,1
524,1081,275,20,16,1,-1,-1,-1,1
525,1076,277,19,15,1,-1,-1,-1,1
526,1053,282,17,13,1,-1,-1,-1,1
527,1034,286,18,13,1,-1,-1,-1,1
528,1032,286,19,13,1,-1,-1,-1,1
529,1003,294,20,13,1,-1,-1,-1,1
530,997,297,19,13,1,-1,-1,-1,1
531,978,305,18,13,1,-1,-1,-1,1
532,955,315,17,13,1,-1,-1,-1,1
533,941,320,18,15,1,-1,-1,-1,1
534,921,328,21,18,1,-1,-1,-1,1
535,904,338,21,13,1,-1,-1,-1,1
536,903,339,21,13,1,-1,-1,-1,1
537,882,352,22,16,1,-1,-1,-1,1
538,855,369,22,20,1,-1,-1,-1,1
539,843,378,22,18,1,-1,-1,-1,1
540,822,397,21,13,1,-1,-1,-1,1
541,811,406,22,15,1,-1,-1,-1,1
542,787,426,24,19,1,-1,-1,-1,1
543,778,435,23,19,1,-1,-1,-1,1
544,760,452,22,19,1,-1,-1,-1,1
545,734,476,21,20,1,-1,-1,-1,1
546,722,489,21,20,1,-1,-1,-1,1
547,701,511,21,20,1,-1,-1,-1,1
548,674,539,21,20,1,-1,-1,-1,1
549,655,557,21,20,1,-1,-1,-1,1
550,649,563,21,20,1,-1,-1,-1,1
551,621,592,22,21,1,-1,-1,-1,1
552,589,626,23,21,1,-1,-1,-1,1
553,575,641,23,22,1,-1,-1,-1,1
554,543,676,25,23,1,-1,-1,-1,1
555,544,678,21,20,1,-1,-1,-1,1
556,516,708,23,20,1,-1,-1,-1,1
557,489,738,24,21,1,-1,-1,-1,1
558,452,778,26,21,1,-1,-1,-1,1
559,435,799,24,21,1,-1,-1,-1,1
560,406,834,21,20,1,-1,-1,-1,1
561,385,854,23,23,1,-1,-1,-1,1
562,351,889,27,28,1,-1,-1,-1,1
563,325,920,27,28,1,-1,-1,-1,1
564,322,924,27,28,1,-1,-1,-1,1
565,273,980,27,28,1,-1,-1,-1,1
566,247,1011,26,22,1,-1,-1,-1,1
567,235,992,23,27,1,-1,-1,-1,1
568,219,976,23,27,1,-1,-1,-1,1
569,201,957,25,27,1,-1,-1,-1,1
570,182,941,27,28,1,-1,-1,-1,1
571,175,934,26,28,1,-1,-1,-1,1
572,153,913,23,26,1,-1,-1,-1,1
573,146,908,24,27,1,-1,-1,-1,1
574,125,890,27,28,1,-1,-1,-1,1
575,103,881,26,26,1,-1,-1,-1,1
576,99,879,26,26,1,-1,-1,-1,1
577,73,865,25,23,1,-1,-1,-1,1
578,58,861,26,20,1,-1,-1,-1,1
579,43,856,24,19,1,-1,-1,-1,1
580,27,848,27,28,1,-1,-1,-1,1
581,11,851,25,18,1,-1,-1,-1,1
582,0,849,19,17,1,-1,-1,-1,1
583,0,851,3,12,1,-1,-1,-1,1