77,-1,405.90106201171875,277.4677429199219,9.0579833984375,5.584381103515625,1,-1,-1,-1
78,-1,400.7290954589844,276.8506164550781,7.77972412109375,5.525299072265625,1,-1,-1,-1
79,-1,387.2288513183594,276.79046630859375,8.937347412109375,4.9765625,1,-1,-1,-1
80,-1,374.66888427734375,276.97760009765625,8.554443359375,5.31304931640625,1,-1,-1,-1
81,-1,369.1835021972656,277.29541015625,8.52191162109375,5.13433837890625,1,-1,-1,-1
82,-1,357.3660583496094,276.8785095214844,8.978668212890625,5.03338623046875,1,-1,-1,-1
83,-1,345.9417419433594,276.41748046875,9.214508056640625,5.06256103515625,1,-1,-1,-1
84,-1,341.2427062988281,276.28131103515625,8.5247802734375,4.99725341796875,1,-1,-1,-1
85,-1,330.3753356933594,275.78143310546875,8.171356201171875,4.787811279296875,1,-1,-1,-1
86,-1,320.1980895996094,275.7602233886719,8.44281005859375,4.911407470703125,1,-1,-1,-1
87,-1,316.0829162597656,275.8839111328125,8.00665283203125,4.51556396484375,1,-1,-1,-1
88,-1,307.50408935546875,275.18658447265625,6.9830322265625,4.90625,1,-1,-1,-1
89,-1,299.15869140625,275.0630798339844,8.103424072265625,5.1854248046875,1,-1,-1,-1
90,-1,295.4949645996094,274.8377685546875,8.020843505859375,5.325103759765625,1,-1,-1,-1
91,-1,287.6253356933594,274.7256164550781,7.92059326171875,5.31365966796875,1,-1,-1,-1
92,-1,280.75439453125,274.6671447753906,7.947509765625,5.313446044921875,1,-1,-1,-1
93,-1,277.4219665527344,274.5101013183594,8.149017333984375,5.2879638671875,1,-1,-1,-1
94,-1,271.0079345703125,274.0446472167969,7.572021484375,5.1051025390625,1,-1,-1,-1
95,-1,264.70465087890625,273.4969787597656,7.99493408203125,5.415557861328125,1,-1,-1,-1
96,-1,261.58001708984375,273.3948059082031,7.93939208984375,5.4979248046875,1,-1,-1,-1
97,-1,256.4434509277344,272.6383972167969,7.8692626953125,5.978912353515625,1,-1,-1,-1
98,-1,249.03512573242188,273.0435791015625,8.194000244140625,6.085052490234375,1,-1,-1,-1
99,-1,326.957275390625,267.0408630371094,20.0,20.0,1,-1,-1,-1
100,-1,242.4502716064453,272.21710205078125,8.137588500976562,6.302825927734375,1,-1,-1,-1
101,-1,239.32766723632812,271.4210205078125,7.3299407958984375,5.842041015625,1,-1,-1,-1
102,-1,236.9119873046875,271.3441467285156,7.050018310546875,5.649078369140625,1,-1,-1,-1
103,-1,232.52381896972656,271.2513732910156,7.4913177490234375,5.302398681640625,1,-1,-1,-1
104,-1,227.82606506347656,271.4196472167969,7.161956787109375,5.28900146484375,1,-1,-1,-1
105,-1,225.9438934326172,271.18536376953125,7.56781005859375,5.405914306640625,1,-1,-1,-1
106,-1,221.54429626464844,270.540283203125,6.7323760986328125,5.3502197265625,1,-1,-1,-1
107,-1,216.4302520751953,270.1301574707031,7.1884613037109375,5.623779296875,1,-1,-1,-1
108,-1,214.59642028808594,270.13006591796875,7.5453643798828125,5.76434326171875,1,-1,-1,-1
112,-1,217.7373504638672,268.6161804199219,7.37921142578125,5.6690673828125,1,-1,-1,-1
113,-1,219.30897521972656,268.18280029296875,7.6883087158203125,5.94647216796875,1,-1,-1,-1
184,-1,271.28900146484375,233.87416076660156,20.0,20.0,1,-1,-1,-1
185,-1,271.2376708984375,233.7333526611328,20.0,20.0,1,-1,-1,-1
186,-1,270.61456298828125,231.8880157470703,20.0,20.0,1,-1,-1,-1
188,-1,273.7936706542969,236.7516632080078,6.131866455078125,5.1728668212890625,1,-1,-1,-1
189,-1,272.3824768066406,235.73878479003906,6.249176025390625,5.036895751953125,1,-1,-1,-1
190,-1,271.1203308105469,235.16441345214844,6.2777099609375,4.593597412109375,1,-1,-1,-1
191,-1,270.33917236328125,234.7528076171875,6.29400634765625,5.04150390625,1,-1,-1,-1
192,-1,269.6862487792969,234.2154541015625,6.3260498046875,4.799560546875,1,-1,-1,-1
193,-1,268.71087646484375,232.28623962402344,6.34991455078125,5.0713958740234375,1,-1,-1,-1
194,-1,268.29339599609375,231.50149536132812,6.128143310546875,4.9474334716796875,1,-1,-1,-1
195,-1,267.29290771484375,230.401611328125,6.435455322265625,4.9967193603515625,1,-1,-1,-1
196,-1,266.5987243652344,229.8186798095703,6.345977783203125,4.944793701171875,1,-1,-1,-1
197,-1,266.33624267578125,229.52505493164062,6.5174560546875,4.9266815185546875,1,-1,-1,-1
198,-1,265.7444152832031,228.3205108642578,6.484222412109375,5.01666259765625,1,-1,-1,-1
199,-1,265.3462219238281,227.35302734375,6.357269287109375,4.9209136962890625,1,-1,-1,-1
200,-1,265.0411376953125,227.06097412109375,6.374237060546875,4.905303955078125,1,-1,-1,-1
201,-1,264.541259765625,226.39990234375,6.151885986328125,4.732818603515625,1,-1,-1,-1
202,-1,263.9801940917969,225.63128662109375,6.681732177734375,4.8149871826171875,1,-1,-1,-1
203,-1,263.7471618652344,225.34730529785156,6.59783935546875,4.740478515625,1,-1,-1,-1
204,-1,264.3542785644531,224.32943725585938,6.142303466796875,4.881134033203125,1,-1,-1,-1
205,-1,264.3768005371094,223.51792907714844,6.038116455078125,5.0099639892578125,1,-1,-1,-1
206,-1,264.40118408203125,223.3412628173828,5.809906005859375,4.8860015869140625,1,-1,-1,-1
207,-1,263.9970703125,223.29881286621094,5.825286865234375,4.6099853515625,1,-1,-1,-1
208,-1,263.6506042480469,222.71917724609375,5.92974853515625,4.5092926025390625,1,-1,-1,-1
209,-1,263.7518310546875,222.2601776123047,5.946533203125,4.6004486083984375,1,-1,-1,-1
210,-1,263.69866943359375,221.69520568847656,5.890411376953125,4.848602294921875,1,-1,-1,-1
211,-1,263.6268310546875,221.35797119140625,6.034698486328125,4.8966217041015625,1,-1,-1,-1
212,-1,263.602783203125,221.3145751953125,6.210113525390625,4.823028564453125,1,-1,-1,-1
213,-1,263.7762451171875,220.7917022705078,5.873291015625,4.8865814208984375,1,-1,-1,-1
214,-1,263.42645263671875,220.17410278320312,5.909271240234375,5.0749969482421875,1,-1,-1,-1
215,-1,263.4483337402344,220.14584350585938,6.156982421875,5.044921875,1,-1,-1,-1
216,-1,263.1192321777344,219.98590087890625,6.2674560546875,4.90911865234375,1,-1,-1,-1
217,-1,263.0074157714844,219.68666076660156,6.14056396484375,4.8465423583984375,1,-1,-1,-1
218,-1,262.73834228515625,219.70501708984375,6.4034423828125,4.8639984130859375,1,-1,-1,-1
219,-1,262.5439147949219,219.47694396972656,6.39056396484375,4.7938995361328125,1,-1,-1,-1
220,-1,262.49169921875,219.13455200195312,6.156585693359375,4.9073486328125,1,-1,-1,-1
221,-1,262.2551574707031,218.92605590820312,6.06640625,4.97406005859375,1,-1,-1,-1
222,-1,261.936279296875,218.64097595214844,6.096527099609375,4.7326507568359375,1,-1,-1,-1
223,-1,261.4429626464844,218.26820373535156,6.021453857421875,4.88140869140625,1,-1,-1,-1
224,-1,261.263671875,218.19146728515625,6.016143798828125,4.925445556640625,1,-1,-1,-1
225,-1,260.75799560546875,217.9824676513672,6.0670166015625,4.9665069580078125,1,-1,-1,-1
226,-1,260.2872314453125,217.4146728515625,6.235107421875,5.0634307861328125,1,-1,-1,-1
227,-1,260.2652282714844,217.17996215820312,6.085296630859375,5.186920166015625,1,-1,-1,-1
228,-1,260.04840087890625,216.73658752441406,5.804656982421875,5.3868255615234375,1,-1,-1,-1
229,-1,258.771484375,216.52386474609375,6.1243896484375,4.9815521240234375,1,-1,-1,-1
230,-1,258.5283508300781,216.55239868164062,6.08392333984375,5.03912353515625,1,-1,-1,-1
231,-1,258.0561218261719,216.07862854003906,6.00946044921875,5.0511322021484375,1,-1,-1,-1
232,-1,257.4017028808594,215.71409606933594,5.79541015625,4.969390869140625,1,-1,-1,-1
233,-1,257.1527099609375,215.51502990722656,5.688568115234375,5.0303192138671875,1,-1,-1,-1
234,-1,256.6269836425781,215.36740112304688,5.762908935546875,5.020721435546875,1,-1,-1,-1
235,-1,255.74697875976562,215.1832733154297,6.005401611328125,4.87200927734375,1,-1,-1,-1
236,-1,255.35845947265625,214.9554901123047,6.069549560546875,4.8800506591796875,1,-1,-1,-1
237,-1,254.79275512695312,214.835693359375,5.86895751953125,4.898529052734375,1,-1,-1,-1
238,-1,253.71255493164062,214.24166870117188,6.051361083984375,5.07476806640625,1,-1,-1,-1
239,-1,253.15159606933594,214.13758850097656,6.2685699462890625,5.039825439453125,1,-1,-1,-1
240,-1,252.4871368408203,213.7243194580078,6.2766265869140625,4.9350433349609375,1,-1,-1,-1
241,-1,250.726806640625,213.61618041992188,6.06768798828125,4.7044830322265625,1,-1,-1,-1
242,-1,249.75616455078125,213.40953063964844,6.34747314453125,4.743682861328125,1,-1,-1,-1
243,-1,248.29840087890625,213.67588806152344,6.652557373046875,4.7411346435546875,1,-1,-1,-1
244,-1,247.19235229492188,213.5226593017578,6.714447021484375,4.84405517578125,1,-1,-1,-1
245,-1,246.32675170898438,213.36972045898438,7.0670318603515625,5.036773681640625,1,-1,-1,-1
249,-1,259.5834045410156,210.54811096191406,6.626068115234375,4.9620819091796875,1,-1,-1,-1
250,-1,266.1419982910156,209.92819213867188,6.32171630859375,4.8309173583984375,1,-1,-1,-1
251,-1,269.5287780761719,209.65830993652344,6.29217529296875,4.6900482177734375,1,-1,-1,-1
252,-1,276.22760009765625,208.66387939453125,6.0303955078125,4.4329833984375,1,-1,-1,-1
253,-1,281.21551513671875,207.46229553222656,6.30670166015625,5.00482177734375,1,-1,-1,-1
254,-1,284.0011901855469,207.2470245361328,6.242919921875,5.07421875,1,-1,-1,-1
255,-1,289.61090087890625,207.021240234375,6.184173583984375,5.1717071533203125,1,-1,-1,-1
256,-1,294.3898010253906,206.48837280273438,6.339111328125,4.698760986328125,1,-1,-1,-1
257,-1,296.6432189941406,206.32186889648438,6.033782958984375,4.7361907958984375,1,-1,-1,-1
258,-1,301.3939208984375,205.3316192626953,6.555206298828125,4.8361053466796875,1,-1,-1,-1
259,-1,306.03912353515625,204.41677856445312,6.62371826171875,4.79510498046875,1,-1,-1,-1
260,-1,308.74005126953125,204.23745727539062,6.0816650390625,4.4382171630859375,1,-1,-1,-1
261,-1,313.5784912109375,204.05245971679688,5.5020751953125,4.29840087890625,1,-1,-1,-1
262,-1,317.6099548339844,203.15432739257812,5.711578369140625,4.3417816162109375,1,-1,-1,-1
263,-1,319.1925048828125,202.95452880859375,5.970733642578125,4.2771453857421875,1,-1,-1,-1
264,-1,322.772216796875,202.0874481201172,6.33551025390625,4.471588134765625,1,-1,-1,-1
265,-1,326.5790710449219,201.58338928222656,6.433319091796875,4.593963623046875,1,-1,-1,-1
266,-1,328.37860107421875,201.10720825195312,5.8262939453125,4.95208740234375,1,-1,-1,-1
267,-1,331.7744445800781,200.51617431640625,5.931671142578125,4.5547637939453125,1,-1,-1,-1
268,-1,335.5271911621094,200.39198303222656,5.656280517578125,4.5535736083984375,1,-1,-1,-1
269,-1,336.8392333984375,200.2305908203125,5.55206298828125,4.3553314208984375,1,-1,-1,-1
270,-1,340.59930419921875,199.70858764648438,5.20770263671875,4.3274078369140625,1,-1,-1,-1
271,-1,343.3113708496094,198.87139892578125,5.548187255859375,4.560211181640625,1,-1,-1,-1
272,-1,344.7699890136719,198.71861267089844,5.72076416015625,4.5875396728515625,1,-1,-1,-1
273,-1,347.80609130859375,198.1609344482422,6.041015625,4.3131561279296875,1,-1,-1,-1
279,-1,345.2493896484375,197.49920654296875,6.253387451171875,4.2008056640625,1,-1,-1,-1
280,-1,337.53900146484375,198.0102081298828,6.807464599609375,4.7705078125,1,-1,-1,-1
281,-1,334.19171142578125,198.4984588623047,6.229461669921875,4.6858673095703125,1,-1,-1,-1
282,-1,327.2099609375,199.16766357421875,6.445831298828125,4.1045074462890625,1,-1,-1,-1
283,-1,320.5976867675781,199.82540893554688,6.590789794921875,4.4569854736328125,1,-1,-1,-1
284,-1,317.091064453125,200.0618133544922,6.22174072265625,4.5418701171875,1,-1,-1,-1
285,-1,310.4989013671875,200.24819946289062,6.721099853515625,4.392333984375,1,-1,-1,-1
286,-1,304.56402587890625,200.5700225830078,5.975006103515625,4.7010955810546875,1,-1,-1,-1
287,-1,301.7444152832031,200.76455688476562,6.373077392578125,4.9770050048828125,1,-1,-1,-1
288,-1,296.35028076171875,201.66949462890625,6.30828857421875,4.47662353515625,1,-1,-1,-1
289,-1,290.88238525390625,202.16192626953125,6.193756103515625,4.6511077880859375,1,-1,-1,-1
290,-1,289.03155517578125,202.1950225830078,5.9158935546875,4.7669830322265625,1,-1,-1,-1
291,-1,284.5799255371094,202.30987548828125,5.9857177734375,5.1276702880859375,1,-1,-1,-1
292,-1,280.3337707519531,203.26136779785156,5.897857666015625,4.6124725341796875,1,-1,-1,-1
293,-1,278.1041564941406,203.1893768310547,6.141876220703125,4.9460296630859375,1,-1,-1,-1
294,-1,274.6499938964844,203.538330078125,6.00506591796875,4.793182373046875,1,-1,-1,-1
295,-1,271.24920654296875,203.81082153320312,6.111297607421875,4.795562744140625,1,-1,-1,-1
296,-1,269.8804626464844,204.0245361328125,5.90826416015625,4.4516448974609375,1,-1,-1,-1
297,-1,266.545654296875,204.57061767578125,5.74920654296875,4.7169952392578125,1,-1,-1,-1
298,-1,263.66845703125,204.83436584472656,5.815704345703125,4.8326416015625,1,-1,-1,-1
299,-1,262.3601379394531,204.5763397216797,5.72711181640625,4.898040771484375,1,-1,-1,-1
300,-1,259.5743713378906,204.25509643554688,5.825286865234375,5.251007080078125,1,-1,-1,-1
301,-1,256.970947265625,204.435302734375,5.892364501953125,5.57720947265625,1,-1,-1,-1
302,-1,255.51837158203125,204.7988739013672,6.23809814453125,5.320037841796875,1,-1,-1,-1
303,-1,252.75209045410156,205.00828552246094,6.1932525634765625,5.061981201171875,1,-1,-1,-1
304,-1,250.2938232421875,204.9266815185547,6.157928466796875,4.9022216796875,1,-1,-1,-1
305,-1,248.32748413085938,204.47129821777344,6.3789215087890625,4.8146209716796875,1,-1,-1,-1
306,-1,246.19174194335938,204.1231231689453,6.2462310791015625,4.7441253662109375,1,-1,-1,-1
307,-1,243.87301635742188,203.7445068359375,5.901397705078125,4.82574462890625,1,-1,-1,-1
308,-1,242.40695190429688,203.42208862304688,6.40533447265625,4.7958831787109375,1,-1,-1,-1
309,-1,239.77052307128906,202.65565490722656,6.4733734130859375,4.895233154296875,1,-1,-1,-1
310,-1,238.0180206298828,201.90570068359375,6.079254150390625,5.0336151123046875,1,-1,-1,-1
311,-1,318.8974304199219,202.83575439453125,20.0,20.0,1,-1,-1,-1
312,-1,319.9876403808594,202.3607177734375,20.0,20.0,1,-1,-1,-1
313,-1,239.62901306152344,200.55435180664062,7.0398712158203125,5.2672576904296875,1,-1,-1,-1
314,-1,241.61683654785156,201.07901000976562,6.9269256591796875,5.0883331298828125,1,-1,-1,-1
315,-1,244.86619567871094,201.56866455078125,6.468719482421875,4.84185791015625,1,-1,-1,-1
316,-1,247.22518920898438,201.5369873046875,6.2927398681640625,5.0541534423828125,1,-1,-1,-1
317,-1,248.3509979248047,201.61651611328125,6.2935028076171875,5.156280517578125,1,-1,-1,-1
318,-1,251.20938110351562,202.05673217773438,6.179656982421875,5.02581787109375,1,-1,-1,-1
319,-1,253.2576904296875,202.4480743408203,6.34881591796875,5.22723388671875,1,-1,-1,-1
320,-1,254.25392150878906,202.2608184814453,5.7522125244140625,5.3429107666015625,1,-1,-1,-1
321,-1,256.3812561035156,202.49676513671875,6.333831787109375,5.0164642333984375,1,-1,-1,-1
322,-1,257.9302062988281,202.89508056640625,6.170623779296875,4.8031158447265625,1,-1,-1,-1
323,-1,258.6283264160156,202.87486267089844,6.297271728515625,4.8138427734375,1,-1,-1,-1
324,-1,259.9388732910156,202.38746643066406,6.1531982421875,5.1013946533203125,1,-1,-1,-1
325,-1,261.10162353515625,202.22393798828125,6.173858642578125,5.164886474609375,1,-1,-1,-1
326,-1,261.8500671386719,202.20529174804688,6.33941650390625,5.114501953125,1,-1,-1,-1
327,-1,262.5818176269531,202.216796875,6.2388916015625,5.299957275390625,1,-1,-1,-1
328,-1,264.0406188964844,202.46090698242188,6.2264404296875,5.206634521484375,1,-1,-1,-1
329,-1,264.8349914550781,202.40171813964844,6.08172607421875,5.35308837890625,1,-1,-1,-1
330,-1,265.60699462890625,202.21279907226562,6.14227294921875,5.27392578125,1,-1,-1,-1
331,-1,267.1737060546875,202.28762817382812,5.996734619140625,5.2169036865234375,1,-1,-1,-1
332,-1,267.7171630859375,202.00863647460938,6.0953369140625,5.358978271484375,1,-1,-1,-1
333,-1,268.78753662109375,201.6965789794922,6.41656494140625,5.232330322265625,1,-1,-1,-1
334,-1,269.7525634765625,201.81642150878906,6.384307861328125,5.1384429931640625,1,-1,-1,-1
335,-1,270.178955078125,201.501220703125,6.3516845703125,5.3304595947265625,1,-1,-1,-1
336,-1,271.2124938964844,201.6350860595703,6.2496337890625,5.254608154296875,1,-1,-1,-1
337,-1,271.9735412597656,201.7244873046875,6.38421630859375,5.1733856201171875,1,-1,-1,-1
338,-1,272.3459777832031,201.70916748046875,6.7264404296875,5.285491943359375,1,-1,-1,-1
339,-1,273.26312255859375,201.99732971191406,6.91302490234375,5.0919036865234375,1,-1,-1,-1
340,-1,274.36517333984375,201.7299041748047,6.85345458984375,5.3596343994140625,1,-1,-1,-1
341,-1,274.7001037597656,201.89077758789062,6.90057373046875,5.2943115234375,1,-1,-1,-1
342,-1,275.8717956542969,201.72488403320312,7.03680419921875,5.2691650390625,1,-1,-1,-1
343,-1,276.3316650390625,202.000732421875,7.122161865234375,5.1998291015625,1,-1,-1,-1
344,-1,276.8047790527344,202.00009155273438,6.83526611328125,5.1602325439453125,1,-1,-1,-1
345,-1,277.5066223144531,202.0692138671875,7.135833740234375,5.26385498046875,1,-1,-1,-1
346,-1,278.068359375,202.19155883789062,6.97210693359375,5.3450775146484375,1,-1,-1,-1
347,-1,278.4334411621094,202.20614624023438,6.828857421875,5.2378997802734375,1,-1,-1,-1
348,-1,279.5967712402344,202.5129852294922,6.566680908203125,5.1223297119140625,1,-1,-1,-1
349,-1,280.1503601074219,202.70274353027344,6.591949462890625,5.1323699951171875,1,-1,-1,-1
350,-1,280.6399841308594,202.6552276611328,6.563720703125,5.14349365234375,1,-1,-1,-1
351,-1,281.453857421875,202.69149780273438,6.5555419921875,5.3223419189453125,1,-1,-1,-1
352,-1,282.3664245605469,202.6002960205078,6.488616943359375,5.3911895751953125,1,-1,-1,-1
353,-1,282.8081970214844,202.49046325683594,6.619171142578125,5.3773193359375,1,-1,-1,-1
354,-1,283.756103515625,202.40374755859375,6.5452880859375,5.481109619140625,1,-1,-1,-1
355,-1,284.75177001953125,202.51426696777344,6.444183349609375,5.45050048828125,1,-1,-1,-1
356,-1,285.3274230957031,202.48492431640625,6.50384521484375,5.3308563232421875,1,-1,-1,-1
357,-1,351.4483947753906,187.4370880126953,20.0,20.0,1,-1,-1,-1
358,-1,351.4750671386719,187.82667541503906,20.0,20.0,1,-1,-1,-1
359,-1,350.3547058105469,187.67572021484375,20.0,20.0,1,-1,-1,-1
363,-1,266.5169372558594,207.2852325439453,7.805419921875,5.2991790771484375,1,-1,-1,-1
364,-1,260.57684326171875,209.16262817382812,6.55859375,5.333740234375,1,-1,-1,-1
365,-1,257.3207702636719,210.17019653320312,6.673065185546875,5.2386016845703125,1,-1,-1,-1
366,-1,251.18679809570312,211.81399536132812,7.29638671875,5.3321685791015625,1,-1,-1,-1
367,-1,244.96234130859375,213.57127380371094,8.04693603515625,5.567352294921875,1,-1,-1,-1
368,-1,241.8191680908203,214.17764282226562,8.108139038085938,5.58782958984375,1,-1,-1,-1
369,-1,236.43983459472656,215.8483123779297,7.3123626708984375,5.880584716796875,1,-1,-1,-1
370,-1,230.9687042236328,217.22593688964844,7.26971435546875,5.91845703125,1,-1,-1,-1
371,-1,228.20555114746094,218.37811279296875,7.739349365234375,5.4797515869140625,1,-1,-1,-1
372,-1,222.62765502929688,220.20028686523438,7.8904266357421875,5.4636993408203125,1,-1,-1,-1
373,-1,217.28411865234375,221.77247619628906,8.088226318359375,5.680938720703125,1,-1,-1,-1
374,-1,214.74168395996094,222.8615264892578,7.531097412109375,5.5935821533203125,1,-1,-1,-1
375,-1,210.8023681640625,224.1261749267578,7.2073974609375,6.1978302001953125,1,-1,-1,-1
376,-1,206.1010284423828,225.66244506835938,7.7969207763671875,6.3531036376953125,1,-1,-1,-1
377,-1,204.34768676757812,226.5468292236328,7.95623779296875,6.23291015625,1,-1,-1,-1
378,-1,200.16122436523438,227.8990478515625,7.561859130859375,6.0201568603515625,1,-1,-1,-1
379,-1,195.86160278320312,229.5300750732422,8.358856201171875,5.8701629638671875,1,-1,-1,-1
380,-1,194.12466430664062,230.43817138671875,7.9655609130859375,6.0941314697265625,1,-1,-1,-1
381,-1,190.62557983398438,231.61859130859375,7.796142578125,6.071685791015625,1,-1,-1,-1
382,-1,187.17312622070312,233.42869567871094,7.6533203125,6.3430328369140625,1,-1,-1,-1
383,-1,185.44708251953125,234.38436889648438,7.727630615234375,6.189788818359375,1,-1,-1,-1
384,-1,182.2027587890625,235.54615783691406,7.79541015625,5.9883880615234375,1,-1,-1,-1
385,-1,179.69924926757812,236.96290588378906,7.787261962890625,6.0103912353515625,1,-1,-1,-1
386,-1,178.53521728515625,237.97286987304688,7.8498687744140625,5.912567138671875,1,-1,-1,-1
387,-1,175.39752197265625,239.6205596923828,8.418838500976562,5.8195037841796875,1,-1,-1,-1
388,-1,173.6265411376953,240.8319549560547,7.9256134033203125,6.140045166015625,1,-1,-1,-1
389,-1,172.669189453125,241.5965576171875,7.9482421875,6.3019866943359375,1,-1,-1,-1
390,-1,170.74293518066406,243.0428924560547,8.146392822265625,6.403839111328125,1,-1,-1,-1
391,-1,169.0829315185547,244.50018310546875,8.030471801757812,6.5367584228515625,1,-1,-1,-1
392,-1,168.1839599609375,245.1197967529297,8.399276733398438,7.2171630859375,1,-1,-1,-1
393,-1,166.89019775390625,246.7050323486328,7.9918060302734375,6.7761077880859375,1,-1,-1,-1
394,-1,165.20150756835938,247.92405700683594,7.80169677734375,6.1196136474609375,1,-1,-1,-1
395,-1,164.90318298339844,248.4879913330078,7.67449951171875,6.070587158203125,1,-1,-1,-1
396,-1,162.95651245117188,249.32347106933594,7.5846405029296875,6.1248779296875,1,-1,-1,-1
397,-1,161.07769775390625,250.77896118164062,7.8768463134765625,6.490875244140625,1,-1,-1,-1
398,-1,160.6666717529297,251.20985412597656,8.084503173828125,6.7020111083984375,1,-1,-1,-1
399,-1,158.84274291992188,252.2689208984375,7.6339111328125,6.406402587890625,1,-1,-1,-1
400,-1,156.6227569580078,253.5290069580078,8.322677612304688,6.7766876220703125,1,-1,-1,-1
401,-1,155.99998474121094,253.9198760986328,8.125732421875,6.4172210693359375,1,-1,-1,-1
402,-1,153.6206817626953,255.2761688232422,8.218109130859375,6.9839324951171875,1,-1,-1,-1
403,-1,151.74896240234375,256.10009765625,8.002685546875,6.962127685546875,1,-1,-1,-1
404,-1,150.5996551513672,256.6417236328125,7.8088836669921875,6.324554443359375,1,-1,-1,-1
405,-1,148.4792938232422,257.4320983886719,8.017913818359375,7.082794189453125,1,-1,-1,-1
406,-1,146.54095458984375,258.17303466796875,8.074447631835938,6.783599853515625,1,-1,-1,-1
407,-1,144.79269409179688,258.48468017578125,8.444351196289062,6.995086669921875,1,-1,-1,-1
408,-1,141.07997131347656,259.73809814453125,9.017715454101562,6.254119873046875,1,-1,-1,-1
409,-1,451.09716796875,191.230224609375,20.0,20.0,1,-1,-1,-1
410,-1,449.0023193359375,191.265869140625,20.0,20.0,1,-1,-1,-1
411,-1,451.623046875,191.07106018066406,20.0,20.0,1,-1,-1,-1
447,-1,212.58175659179688,251.58079528808594,7.75177001953125,6.3954010009765625,1,-1,-1,-1
448,-1,215.59967041015625,251.56805419921875,7.89068603515625,6.240936279296875,1,-1,-1,-1
449,-1,216.87998962402344,251.6686553955078,7.826995849609375,5.8491973876953125,1,-1,-1,-1
450,-1,220.54893493652344,251.95816040039062,7.367218017578125,6.214996337890625,1,-1,-1,-1
451,-1,222.79835510253906,252.12828063964844,7.319580078125,6.4883880615234375,1,-1,-1,-1
452,-1,223.43801879882812,251.973388671875,7.8268585205078125,6.53057861328125,1,-1,-1,-1
453,-1,226.94114685058594,252.13047790527344,7.185516357421875,6.5444183349609375,1,-1,-1,-1
454,-1,228.42398071289062,252.02786254882812,7.264739990234375,6.776824951171875,1,-1,-1,-1
455,-1,230.057861328125,252.01930236816406,7.3374481201171875,6.6337432861328125,1,-1,-1,-1
456,-1,232.42483520507812,252.7887420654297,7.569732666015625,6.5157012939453125,1,-1,-1,-1
457,-1,234.4976348876953,252.78350830078125,7.32470703125,6.3814697265625,1,-1,-1,-1
458,-1,235.11500549316406,253.06016540527344,7.27935791015625,6.2650604248046875,1,-1,-1,-1
459,-1,237.28323364257812,253.28250122070312,7.4737548828125,6.47344970703125,1,-1,-1,-1
460,-1,239.2178955078125,253.24647521972656,7.236602783203125,6.6959381103515625,1,-1,-1,-1
461,-1,239.86546325683594,253.43568420410156,7.4730377197265625,6.4431915283203125,1,-1,-1,-1
462,-1,241.54998779296875,253.46636962890625,7.7947540283203125,6.14630126953125,1,-1,-1,-1
463,-1,242.3031005859375,253.44119262695312,8.8094482421875,6.0745849609375,1,-1,-1,-1
464,-1,225.5752716064453,246.3057861328125,20.0,20.0,1,-1,-1,-1
465,-1,224.78639221191406,246.47503662109375,20.0,20.0,1,-1,-1,-1
466,-1,224.54429626464844,246.50576782226562,20.0,20.0,1,-1,-1,-1
468,-1,255.0124969482422,253.5061798095703,9.725784301757812,6.4954986572265625,1,-1,-1,-1
469,-1,261.2689208984375,253.5542449951172,7.711700439453125,6.6193084716796875,1,-1,-1,-1
470,-1,263.12164306640625,253.32101440429688,7.820709228515625,6.856842041015625,1,-1,-1,-1
471,-1,266.361083984375,253.55091857910156,7.64520263671875,6.2877349853515625,1,-1,-1,-1
472,-1,268.9505615234375,252.92286682128906,7.782623291015625,5.9811553955078125,1,-1,-1,-1
473,-1,270.3158264160156,252.98895263671875,7.872467041015625,6.123809814453125,1,-1,-1,-1
474,-1,273.130126953125,253.08602905273438,8.101287841796875,6.11126708984375,1,-1,-1,-1
475,-1,275.141357421875,252.9728546142578,7.674652099609375,6.4380950927734375,1,-1,-1,-1
476,-1,275.8399353027344,252.7501220703125,7.359710693359375,6.566162109375,1,-1,-1,-1
477,-1,276.5423889160156,253.25833129882812,8.1370849609375,6.195953369140625,1,-1,-1,-1
483,-1,279.4495849609375,254.005615234375,7.30084228515625,6.45806884765625,1,-1,-1,-1
486,-1,285.2676696777344,251.29832458496094,8.46240234375,6.7033843994140625,1,-1,-1,-1
487,-1,293.3763427734375,248.04356384277344,8.23590087890625,5.836151123046875,1,-1,-1,-1
488,-1,296.6195983886719,247.03765869140625,8.12884521484375,5.82464599609375,1,-1,-1,-1
489,-1,302.76513671875,244.9875030517578,7.8447265625,5.9745025634765625,1,-1,-1,-1
490,-1,308.3033447265625,243.5833740234375,8.216278076171875,5.7862548828125,1,-1,-1,-1
491,-1,311.3504943847656,242.80429077148438,7.8480224609375,5.96466064453125,1,-1,-1,-1
492,-1,316.5670471191406,242.0809326171875,8.604400634765625,5.825164794921875,1,-1,-1,-1
493,-1,321.8846130371094,241.82762145996094,8.56524658203125,5.4755401611328125,1,-1,-1,-1
494,-1,324.0732116699219,240.6388397216797,7.82891845703125,5.7122039794921875,1,-1,-1,-1
495,-1,328.0118408203125,238.61936950683594,7.11102294921875,5.8493194580078125,1,-1,-1,-1
496,-1,331.8204650878906,237.15049743652344,7.489044189453125,5.980926513671875,1,-1,-1,-1
497,-1,333.4914245605469,236.21250915527344,7.64947509765625,5.53643798828125,1,-1,-1,-1
498,-1,337.29205322265625,235.2427978515625,7.073333740234375,5.0370635986328125,1,-1,-1,-1
499,-1,340.6159973144531,234.57347106933594,7.1995849609375,5.1988983154296875,1,-1,-1,-1
500,-1,342.421875,234.3670654296875,7.1302490234375,5.071563720703125,1,-1,-1,-1
501,-1,345.38922119140625,232.880859375,6.94708251953125,5.7835540771484375,1,-1,-1,-1
502,-1,347.37127685546875,231.21923828125,6.934722900390625,5.3325653076171875,1,-1,-1,-1
503,-1,348.67889404296875,230.61941528320312,6.928375244140625,5.3896331787109375,1,-1,-1,-1
504,-1,351.06781005859375,229.3921356201172,6.62261962890625,5.7933807373046875,1,-1,-1,-1
505,-1,353.1115417480469,228.73158264160156,6.921234130859375,5.87237548828125,1,-1,-1,-1
506,-1,354.7081298828125,228.6047821044922,6.380523681640625,5.40252685546875,1,-1,-1,-1
507,-1,355.7055358886719,228.07611083984375,6.76446533203125,5.5378570556640625,1,-1,-1,-1
508,-1,356.9377746582031,226.8007354736328,6.57196044921875,5.7076568603515625,1,-1,-1,-1
509,-1,357.3039245605469,226.4461669921875,6.721649169921875,5.601470947265625,1,-1,-1,-1
510,-1,357.7957458496094,225.6584930419922,7.0457763671875,5.7338104248046875,1,-1,-1,-1
511,-1,358.7098388671875,225.1235809326172,6.682708740234375,5.2604217529296875,1,-1,-1,-1
512,-1,359.4192810058594,224.7974853515625,6.389984130859375,5.104888916015625,1,-1,-1,-1
513,-1,359.8910827636719,224.2932586669922,6.4425048828125,5.3913726806640625,1,-1,-1,-1
514,-1,360.5289611816406,223.12416076660156,6.335601806640625,5.2625885009765625,1,-1,-1,-1
515,-1,360.59747314453125,222.62255859375,6.4251708984375,5.5550537109375,1,-1,-1,-1
516,-1,360.9097900390625,221.9521026611328,6.374969482421875,5.413177490234375,1,-1,-1,-1
517,-1,360.9630126953125,221.01834106445312,6.74871826171875,5.5228271484375,1,-1,-1,-1
518,-1,361.1785888671875,220.7095184326172,6.789337158203125,5.486846923828125,1,-1,-1,-1
519,-1,361.6283264160156,219.74185180664062,6.61151123046875,5.2087249755859375,1,-1,-1,-1
520,-1,361.59326171875,218.43861389160156,6.743408203125,5.2924652099609375,1,-1,-1,-1
521,-1,361.6900939941406,218.1500244140625,6.57012939453125,5.228912353515625,1,-1,-1,-1
522,-1,361.6428527832031,216.87127685546875,6.476776123046875,5.669830322265625,1,-1,-1,-1
523,-1,361.8378601074219,215.92056274414062,6.56231689453125,5.393829345703125,1,-1,-1,-1
524,-1,362.05072021484375,215.41285705566406,6.42803955078125,5.345703125,1,-1,-1,-1
525,-1,362.1639099121094,214.45103454589844,6.36639404296875,5.3680267333984375,1,-1,-1,-1
526,-1,362.2911071777344,213.38894653320312,6.124542236328125,5.2764892578125,1,-1,-1,-1
527,-1,362.21240234375,213.07421875,6.10406494140625,5.317840576171875,1,-1,-1,-1
528,-1,361.7924499511719,212.36651611328125,6.14886474609375,5.19085693359375,1,-1,-1,-1
529,-1,361.34503173828125,211.33653259277344,6.449798583984375,5.2015838623046875,1,-1,-1,-1
530,-1,360.6175842285156,210.86053466796875,6.79986572265625,5.30426025390625,1,-1,-1,-1
531,-1,360.689453125,209.7240753173828,6.3499755859375,5.3613739013671875,1,-1,-1,-1
532,-1,360.72833251953125,208.983154296875,6.35784912109375,5.6402435302734375,1,-1,-1,-1
533,-1,360.7064514160156,208.6958465576172,6.3182373046875,5.6621856689453125,1,-1,-1,-1
534,-1,360.2904357910156,208.1764373779297,6.44757080078125,5.423583984375,1,-1,-1,-1
535,-1,360.2928771972656,208.17831420898438,6.44549560546875,5.4239044189453125,1,-1,-1,-1
536,-1,359.96405029296875,206.90785217285156,6.18341064453125,5.4800262451171875,1,-1,-1,-1
537,-1,359.7669372558594,206.46005249023438,6.4185791015625,5.3343505859375,1,-1,-1,-1
538,-1,359.0573425292969,205.28269958496094,6.41668701171875,5.3795013427734375,1,-1,-1,-1
539,-1,358.4886474609375,204.3536834716797,6.29669189453125,5.4503631591796875,1,-1,-1,-1
540,-1,358.2251281738281,204.17251586914062,6.1444091796875,5.554351806640625,1,-1,-1,-1
541,-1,357.7829895019531,203.98117065429688,6.174224853515625,5.4681243896484375,1,-1,-1,-1
542,-1,356.9776611328125,203.2953338623047,6.215850830078125,5.4381256103515625,1,-1,-1,-1
543,-1,356.819580078125,202.999755859375,6.429656982421875,5.45703125,1,-1,-1,-1
544,-1,356.2121276855469,202.17755126953125,6.253692626953125,5.2849578857421875,1,-1,-1,-1
545,-1,355.9049987792969,201.78456115722656,6.35577392578125,5.216705322265625,1,-1,-1,-1
546,-1,355.6533508300781,201.51031494140625,6.43670654296875,5.3528289794921875,1,-1,-1,-1
547,-1,355.1064758300781,201.09056091308594,6.480194091796875,5.2444610595703125,1,-1,-1,-1
548,-1,354.2711486816406,200.309814453125,6.161773681640625,5.33331298828125,1,-1,-1,-1
549,-1,353.9065856933594,200.1167449951172,6.2977294921875,5.1995391845703125,1,-1,-1,-1
550,-1,352.97467041015625,199.75633239746094,6.260772705078125,5.3112640380859375,1,-1,-1,-1
551,-1,352.07781982421875,198.6970672607422,5.890045166015625,5.518829345703125,1,-1,-1,-1
552,-1,351.6294250488281,198.45968627929688,5.84930419921875,5.49456787109375,1,-1,-1,-1
553,-1,350.79095458984375,198.07870483398438,6.100128173828125,5.41888427734375,1,-1,-1,-1
554,-1,350.1864013671875,197.7269287109375,6.17803955078125,4.969573974609375,1,-1,-1,-1
555,-1,349.7376708984375,197.42300415039062,6.046630859375,4.988983154296875,1,-1,-1,-1
556,-1,348.821044921875,196.58900451660156,5.807098388671875,4.943756103515625,1,-1,-1,-1
557,-1,347.57879638671875,196.30650329589844,6.41864013671875,5.0424957275390625,1,-1,-1,-1
558,-1,347.3139953613281,196.18182373046875,6.552886962890625,5.0807952880859375,1,-1,-1,-1
559,-1,346.2479553222656,195.5529327392578,6.283782958984375,4.89068603515625,1,-1,-1,-1
560,-1,344.0235290527344,194.7539520263672,6.173187255859375,5.1501617431640625,1,-1,-1,-1
561,-1,343.3598937988281,194.8463592529297,6.3438720703125,5.00018310546875,1,-1,-1,-1
562,-1,342.03369140625,194.23146057128906,6.222198486328125,5.628662109375,1,-1,-1,-1
563,-1,340.42041015625,194.18019104003906,6.796661376953125,5.479339599609375,1,-1,-1,-1
564,-1,340.175537109375,194.33450317382812,6.64678955078125,5.4755096435546875,1,-1,-1,-1
565,-1,338.48980712890625,193.88140869140625,6.650299072265625,5.4178619384765625,1,-1,-1,-1
566,-1,337.1338806152344,193.4058837890625,6.487396240234375,5.482025146484375,1,-1,-1,-1
567,-1,336.49334716796875,193.23928833007812,6.469207763671875,5.4691314697265625,1,-1,-1,-1
568,-1,335.2196044921875,192.60467529296875,6.15972900390625,5.5555419921875,1,-1,-1,-1
569,-1,333.6453552246094,192.3006591796875,5.996185302734375,5.3885345458984375,1,-1,-1,-1
570,-1,332.8282165527344,192.14187622070312,6.053955078125,5.3162384033203125,1,-1,-1,-1
571,-1,330.6918029785156,191.7827606201172,6.382415771484375,5.219085693359375,1,-1,-1,-1
572,-1,328.8661804199219,190.94833374023438,6.922607421875,5.291351318359375,1,-1,-1,-1
573,-1,326.839111328125,190.508544921875,7.77459716796875,5.6703948974609375,1,-1,-1,-1
579,-1,324.93896484375,189.67642211914062,7.188232421875,5.32293701171875,1,-1,-1,-1
580,-1,326.3466491699219,189.74632263183594,6.75732421875,5.490386962890625,1,-1,-1,-1
581,-1,327.4844665527344,189.635009765625,6.54913330078125,5.551300048828125,1,-1,-1,-1
582,-1,327.68988037109375,189.1842041015625,6.510955810546875,5.662811279296875,1,-1,-1,-1
583,-1,327.8687438964844,188.92855834960938,6.495758056640625,5.5914764404296875,1,-1,-1,-1
584,-1,327.35394287109375,188.90187072753906,6.81805419921875,5.730255126953125,1,-1,-1,-1
585,-1,327.2873840332031,188.64930725097656,6.745697021484375,5.907257080078125,1,-1,-1,-1
586,-1,327.4845886230469,188.68394470214844,6.525390625,5.5676116943359375,1,-1,-1,-1
587,-1,327.4610900878906,188.79995727539062,6.5308837890625,5.622406005859375,1,-1,-1,-1
588,-1,327.4874267578125,188.62901306152344,6.562469482421875,5.7269134521484375,1,-1,-1,-1
589,-1,327.0751953125,188.20462036132812,6.693023681640625,5.8392181396484375,1,-1,-1,-1
590,-1,326.0675354003906,188.5013885498047,6.97882080078125,5.671173095703125,1,-1,-1,-1
591,-1,326.31561279296875,188.49534606933594,6.768463134765625,5.6280975341796875,1,-1,-1,-1
592,-1,325.0504455566406,188.35919189453125,7.60498046875,5.826507568359375,1,-1,-1,-1
593,-1,323.6817932128906,188.00900268554688,7.30047607421875,6.030487060546875,1,-1,-1,-1
601,-1,331.19061279296875,188.07606506347656,8.10711669921875,4.8187408447265625,1,-1,-1,-1
602,-1,340.50396728515625,186.99725341796875,8.176483154296875,5.2381744384765625,1,-1,-1,-1
603,-1,345.5610046386719,186.69871520996094,7.77911376953125,5.2947235107421875,1,-1,-1,-1
604,-1,354.74298095703125,186.4280242919922,7.45135498046875,4.9696197509765625,1,-1,-1,-1
605,-1,364.0335388183594,186.2195587158203,8.633026123046875,5.10418701171875,1,-1,-1,-1
606,-1,369.4657897949219,186.36630249023438,7.272796630859375,4.9353485107421875,1,-1,-1,-1
607,-1,377.69970703125,185.93968200683594,7.978851318359375,4.9391632080078125,1,-1,-1,-1
608,-1,385.3939514160156,185.0169677734375,8.59228515625,5.30230712890625,1,-1,-1,-1
609,-1,390.01519775390625,185.28135681152344,8.28070068359375,5.3182830810546875,1,-1,-1,-1
610,-1,398.58868408203125,185.650634765625,7.486236572265625,4.8397979736328125,1,-1,-1,-1
611,-1,406.23333740234375,185.5281219482422,7.356201171875,5.19659423828125,1,-1,-1,-1
612,-1,409.7906799316406,185.36203002929688,7.430633544921875,5.0416717529296875,1,-1,-1,-1
613,-1,416.5981140136719,184.75375366210938,7.46246337890625,5.0588226318359375,1,-1,-1,-1
614,-1,423.67449951171875,184.09530639648438,7.504364013671875,5.3649139404296875,1,-1,-1,-1
615,-1,427.2358093261719,184.18594360351562,7.086883544921875,5.19525146484375,1,-1,-1,-1
616,-1,433.3542175292969,184.37049865722656,7.647216796875,5.4791717529296875,1,-1,-1,-1
617,-1,439.3957214355469,184.27261352539062,7.29144287109375,5.03167724609375,1,-1,-1,-1
618,-1,442.1210632324219,184.10162353515625,7.0155029296875,4.8704071044921875,1,-1,-1,-1
619,-1,448.0325927734375,183.2324676513672,8.051544189453125,5.70965576171875,1,-1,-1,-1
625,-1,472.4373474121094,182.98916625976562,7.059661865234375,5.1268157958984375,1,-1,-1,-1
626,-1,477.23272705078125,182.9045867919922,7.146636962890625,5.3388671875,1,-1,-1,-1
627,-1,479.53955078125,183.0360107421875,7.0711669921875,5.48638916015625,1,-1,-1,-1
628,-1,484.3279113769531,183.32037353515625,7.156982421875,5.918975830078125,1,-1,-1,-1
629,-1,144.6625213623047,211.9672088623047,20.0,20.0,1,-1,-1,-1
630,-1,147.1038055419922,211.17483520507812,20.0,20.0,1,-1,-1,-1
631,-1,472.7655029296875,183.63104248046875,8.865020751953125,5.7587738037109375,1,-1,-1,-1
632,-1,143.0563201904297,211.51353454589844,20.0,20.0,1,-1,-1,-1
633,-1,145.3999786376953,211.4503173828125,20.0,20.0,1,-1,-1,-1
634,-1,143.81459045410156,211.61483764648438,20.0,20.0,1,-1,-1,-1
638,-1,390.582275390625,184.1421356201172,9.107086181640625,4.9830474853515625,1,-1,-1,-1
639,-1,384.94390869140625,184.01097106933594,9.102630615234375,4.9750823974609375,1,-1,-1,-1
640,-1,373.9210205078125,183.8346710205078,8.26544189453125,4.6409759521484375,1,-1,-1,-1
641,-1,364.3453674316406,183.7616729736328,8.561309814453125,4.45733642578125,1,-1,-1,-1
642,-1,359.49383544921875,183.16241455078125,8.275848388671875,4.795074462890625,1,-1,-1,-1
643,-1,350.82958984375,183.13949584960938,7.492218017578125,4.7844085693359375,1,-1,-1,-1
644,-1,341.8272399902344,182.8723602294922,8.312713623046875,4.89324951171875,1,-1,-1,-1
645,-1,338.12255859375,182.84519958496094,7.65301513671875,4.832122802734375,1,-1,-1,-1
646,-1,330.91412353515625,182.50364685058594,6.70953369140625,5.3497467041015625,1,-1,-1,-1
647,-1,323.029052734375,182.45162963867188,7.33551025390625,5.5055999755859375,1,-1,-1,-1
648,-1,319.5949401855469,182.45513916015625,7.904144287109375,5.2842254638671875,1,-1,-1,-1
649,-1,312.5318908691406,182.44189453125,7.36187744140625,5.3291778564453125,1,-1,-1,-1
650,-1,305.6257019042969,182.7935028076172,7.771148681640625,5.5176544189453125,1,-1,-1,-1
651,-1,302.36370849609375,182.96543884277344,8.048828125,5.3650970458984375,1,-1,-1,-1
652,-1,296.7138366699219,183.187744140625,7.204620361328125,5.0654449462890625,1,-1,-1,-1
653,-1,291.2848205566406,183.06948852539062,6.938507080078125,5.2662353515625,1,-1,-1,-1
654,-1,288.1785888671875,182.58642578125,7.43951416015625,5.4938812255859375,1,-1,-1,-1
655,-1,283.0672607421875,182.58221435546875,7.0413818359375,5.6848602294921875,1,-1,-1,-1
656,-1,340.79840087890625,175.88938903808594,20.0,20.0,1,-1,-1,-1
657,-1,337.5664367675781,175.61758422851562,20.0,20.0,1,-1,-1,-1
658,-1,288.24334716796875,179.56533813476562,7.289154052734375,6.503875732421875,1,-1,-1,-1
659,-1,291.3783264160156,177.67799377441406,7.11181640625,6.3609771728515625,1,-1,-1,-1
660,-1,292.7142639160156,177.162109375,7.13970947265625,6.45538330078125,1,-1,-1,-1
661,-1,294.93255615234375,175.89891052246094,7.45257568359375,6.0559234619140625,1,-1,-1,-1
662,-1,297.2530517578125,175.44406127929688,7.56689453125,5.5557403564453125,1,-1,-1,-1
663,-1,298.1484375,175.27865600585938,7.79351806640625,5.64105224609375,1,-1,-1,-1
664,-1,300.96612548828125,174.9492950439453,7.250732421875,5.4549102783203125,1,-1,-1,-1
665,-1,303.2126770019531,174.69705200195312,6.6484375,5.5048980712890625,1,-1,-1,-1
666,-1,304.2557678222656,174.79234313964844,6.581787109375,5.5421600341796875,1,-1,-1,-1
667,-1,305.704345703125,174.3333740234375,6.860565185546875,5.68896484375,1,-1,-1,-1
668,-1,307.93780517578125,173.35171508789062,6.461639404296875,5.2599945068359375,1,-1,-1,-1
669,-1,308.5233459472656,172.51284790039062,6.635467529296875,5.436431884765625,1,-1,-1,-1
670,-1,310.239501953125,171.5434112548828,6.50152587890625,5.4252166748046875,1,-1,-1,-1
671,-1,311.8432922363281,170.37698364257812,6.48931884765625,5.652435302734375,1,-1,-1,-1
672,-1,312.1397399902344,170.2058868408203,6.68975830078125,5.4091949462890625,1,-1,-1,-1
673,-1,313.8595886230469,170.1959686279297,6.44036865234375,5.46575927734375,1,-1,-1,-1
674,-1,315.72015380859375,170.42140197753906,6.1624755859375,5.4406280517578125,1,-1,-1,-1
675,-1,316.23883056640625,170.4593505859375,6.084136962890625,5.37628173828125,1,-1,-1,-1
676,-1,317.3442077636719,170.0665283203125,6.566864013671875,4.9247894287109375,1,-1,-1,-1
677,-1,318.4222106933594,169.00051879882812,6.816864013671875,5.28802490234375,1,-1,-1,-1
678,-1,318.67529296875,168.64572143554688,6.618621826171875,5.11083984375,1,-1,-1,-1
679,-1,320.7384338378906,168.28738403320312,6.1826171875,5.35302734375,1,-1,-1,-1
680,-1,321.73675537109375,168.2597198486328,6.20428466796875,5.128814697265625,1,-1,-1,-1
681,-1,322.369384765625,168.1106719970703,6.239501953125,5.0618438720703125,1,-1,-1,-1
682,-1,323.6795654296875,168.44532775878906,6.13616943359375,4.9692840576171875,1,-1,-1,-1
683,-1,325.51629638671875,167.7220001220703,6.526153564453125,5.1905059814453125,1,-1,-1,-1
684,-1,326.249755859375,167.24276733398438,6.42449951171875,5.1098785400390625,1,-1,-1,-1
685,-1,327.9379577636719,166.65309143066406,5.955474853515625,5.56951904296875,1,-1,-1,-1
686,-1,329.3958740234375,167.00448608398438,6.070465087890625,5.466094970703125,1,-1,-1,-1
687,-1,330.244384765625,166.94703674316406,5.889068603515625,5.5028076171875,1,-1,-1,-1
688,-1,331.5592346191406,166.76455688476562,6.3699951171875,5.4223785400390625,1,-1,-1,-1
689,-1,332.9342346191406,166.33839416503906,6.762725830078125,5.3176116943359375,1,-1,-1,-1
690,-1,334.15631103515625,165.64495849609375,6.0101318359375,5.3350067138671875,1,-1,-1,-1
691,-1,336.03729248046875,165.2860565185547,5.849212646484375,5.1669464111328125,1,-1,-1,-1
692,-1,337.16741943359375,165.89053344726562,6.602874755859375,4.87933349609375,1,-1,-1,-1
693,-1,337.7769775390625,166.14273071289062,6.3624267578125,4.765289306640625,1,-1,-1,-1
694,-1,338.9316711425781,166.24868774414062,5.949127197265625,5.1726531982421875,1,-1,-1,-1
695,-1,340.04901123046875,166.0470733642578,6.60931396484375,5.3523406982421875,1,-1,-1,-1
696,-1,340.6607666015625,165.66241455078125,6.7705078125,5.5756683349609375,1,-1,-1,-1
697,-1,342.072998046875,170.05352783203125,20.0,20.0,1,-1,-1,-1
698,-1,340.8121337890625,170.91786193847656,20.0,20.0,1,-1,-1,-1
699,-1,341.2755126953125,170.36062622070312,20.0,20.0,1,-1,-1,-1
700,-1,337.6018981933594,168.1064910888672,7.17340087890625,5.5861358642578125,1,-1,-1,-1
701,-1,335.52496337890625,169.78604125976562,6.503448486328125,5.1519622802734375,1,-1,-1,-1
702,-1,333.49078369140625,171.06724548339844,6.00689697265625,4.556976318359375,1,-1,-1,-1
703,-1,331.9693603515625,172.9004669189453,6.323333740234375,4.8800201416015625,1,-1,-1,-1
704,-1,330.32086181640625,174.7250518798828,6.05535888671875,5.223480224609375,1,-1,-1,-1
705,-1,329.766845703125,175.35464477539062,6.085113525390625,5.3307647705078125,1,-1,-1,-1
706,-1,328.6505432128906,176.06057739257812,5.8565673828125,5.301300048828125,1,-1,-1,-1
707,-1,327.5937194824219,177.11817932128906,6.0584716796875,5.121856689453125,1,-1,-1,-1
708,-1,327.00982666015625,177.7547149658203,6.303924560546875,5.0941925048828125,1,-1,-1,-1
709,-1,324.7045593261719,178.8233642578125,6.74578857421875,5.1514739990234375,1,-1,-1,-1
710,-1,323.7337646484375,180.05264282226562,6.8773193359375,5.203948974609375,1,-1,-1,-1
711,-1,323.5306091308594,181.0369110107422,6.38409423828125,5.3787994384765625,1,-1,-1,-1
712,-1,322.056640625,182.39901733398438,6.507965087890625,5.3824310302734375,1,-1,-1,-1
713,-1,321.4064025878906,182.79855346679688,6.47637939453125,5.5766448974609375,1,-1,-1,-1
714,-1,321.0430908203125,183.00064086914062,6.395233154296875,5.47198486328125,1,-1,-1,-1
715,-1,319.86651611328125,184.3531036376953,6.399627685546875,5.2284393310546875,1,-1,-1,-1
716,-1,318.9224853515625,185.06021118164062,6.525390625,5.0762481689453125,1,-1,-1,-1
717,-1,318.51922607421875,185.42791748046875,6.71612548828125,5.245635986328125,1,-1,-1,-1
718,-1,317.7171325683594,186.60472106933594,6.116668701171875,5.2263031005859375,1,-1,-1,-1
719,-1,316.5824279785156,187.09133911132812,7.041595458984375,5.272216796875,1,-1,-1,-1
720,-1,316.16326904296875,187.29714965820312,6.91357421875,5.38067626953125,1,-1,-1,-1
721,-1,315.280517578125,188.29452514648438,6.715728759765625,5.28668212890625,1,-1,-1,-1
722,-1,313.9446716308594,189.1858367919922,6.85516357421875,5.5159454345703125,1,-1,-1,-1
723,-1,313.7246398925781,189.4213104248047,6.716522216796875,5.553955078125,1,-1,-1,-1
724,-1,311.9853515625,190.4310760498047,6.920654296875,5.4710235595703125,1,-1,-1,-1
725,-1,311.0591735839844,191.3470458984375,6.761077880859375,5.21563720703125,1,-1,-1,-1
726,-1,310.3976745605469,191.6645050048828,6.7877197265625,5.1157684326171875,1,-1,-1,-1
727,-1,309.4360656738281,192.4790496826172,6.229278564453125,5.123809814453125,1,-1,-1,-1
728,-1,307.64617919921875,192.8683624267578,6.658935546875,5.197540283203125,1,-1,-1,-1
729,-1,306.63470458984375,193.1234130859375,6.9637451171875,5.4631805419921875,1,-1,-1,-1
730,-1,354.4215393066406,173.08132934570312,20.0,20.0,1,-1,-1,-1
731,-1,353.60882568359375,174.34071350097656,20.0,20.0,1,-1,-1,-1
732,-1,353.5099182128906,174.02235412597656,20.0,20.0,1,-1,-1,-1
790,-1,327.6480407714844,194.4768524169922,9.635894775390625,5.5148468017578125,1,-1,-1,-1
791,-1,340.6000061035156,191.47323608398438,10.745269775390625,6.150787353515625,1,-1,-1,-1
792,-1,347.9126281738281,189.52825927734375,10.200836181640625,6.0202789306640625,1,-1,-1,-1
793,-1,361.0397644042969,186.5194091796875,9.332122802734375,5.841033935546875,1,-1,-1,-1
794,-1,373.0011291503906,182.9088592529297,10.212677001953125,5.69696044921875,1,-1,-1,-1
795,-1,378.2710266113281,181.1339874267578,10.1143798828125,5.96722412109375,1,-1,-1,-1
796,-1,389.37713623046875,177.34771728515625,9.512969970703125,5.6634521484375,1,-1,-1,-1
799,-1,414.01812744140625,167.55467224121094,8.653533935546875,5.8053131103515625,1,-1,-1,-1
800,-1,423.59490966796875,163.08541870117188,7.82952880859375,6.0106353759765625,1,-1,-1,-1
801,-1,427.751220703125,160.99261474609375,8.368743896484375,6.2825164794921875,1,-1,-1,-1
802,-1,434.5320129394531,156.67974853515625,8.173248291015625,6.429229736328125,1,-1,-1,-1
803,-1,308.4226379394531,170.5176544189453,20.0,20.0,1,-1,-1,-1
804,-1,312.6075744628906,170.8491973876953,20.0,20.0,1,-1,-1,-1
805,-1,451.4866027832031,146.43414306640625,7.919921875,5.7480316162109375,1,-1,-1,-1
806,-1,456.876708984375,142.02816772460938,7.685638427734375,5.6100921630859375,1,-1,-1,-1
807,-1,458.7021789550781,139.57814025878906,8.207672119140625,6.3522186279296875,1,-1,-1,-1
808,-1,463.57965087890625,135.2616424560547,8.061614990234375,6.0623016357421875,1,-1,-1,-1
815,-1,459.5150451660156,106.04534912109375,20.0,20.0,1,-1,-1,-1
816,-1,473.6214294433594,101.92881774902344,20.0,20.0,1,-1,-1,-1
817,-1,474.5494689941406,99.79521942138672,20.0,20.0,1,-1,-1,-1
819,-1,481.731201171875,101.41290283203125,7.45294189453125,6.806053161621094,1,-1,-1,-1
820,-1,437.5687255859375,96.74968719482422,20.0,20.0,1,-1,-1,-1
821,-1,429.7244873046875,95.25946807861328,20.0,20.0,1,-1,-1,-1
822,-1,473.1752624511719,87.40380859375,20.0,20.0,1,-1,-1,-1
823,-1,479.7010498046875,92.3342056274414,8.4364013671875,8.099830627441406,1,-1,-1,-1
824,-1,477.68878173828125,90.15591430664062,9.582061767578125,8.016212463378906,1,-1,-1,-1
825,-1,478.1423034667969,89.4283218383789,9.128997802734375,7.130287170410156,1,-1,-1,-1
826,-1,476.51348876953125,86.91862487792969,9.048248291015625,7.120147705078125,1,-1,-1,-1
827,-1,475.8809509277344,85.11286163330078,9.310577392578125,7.321014404296875,1,-1,-1,-1
828,-1,475.69488525390625,84.569091796875,9.784271240234375,6.794288635253906,1,-1,-1,-1
829,-1,475.9211730957031,82.42243957519531,9.001007080078125,7.32598876953125,1,-1,-1,-1
830,-1,475.1151428222656,81.12775421142578,9.866943359375,7.6240386962890625,1,-1,-1,-1
831,-1,475.7853088378906,80.45252990722656,9.1414794921875,7.5024871826171875,1,-1,-1,-1
832,-1,474.69830322265625,79.10917663574219,9.93389892578125,8.072021484375,1,-1,-1,-1
833,-1,476.05218505859375,78.61312866210938,8.920257568359375,7.787345886230469,1,-1,-1,-1
834,-1,476.5890197753906,77.25176239013672,10.00823974609375,7.730827331542969,1,-1,-1,-1
835,-1,476.30523681640625,76.85594940185547,9.927093505859375,7.461181640625,1,-1,-1,-1
836,-1,477.4500427246094,75.9981460571289,9.48638916015625,7.8366851806640625,1,-1,-1,-1
837,-1,478.2412414550781,76.09319305419922,9.09375,7.765800476074219,1,-1,-1,-1
838,-1,479.9007263183594,75.7973861694336,8.980804443359375,7.599037170410156,1,-1,-1,-1
839,-1,480.8162536621094,76.23905944824219,7.86834716796875,7.436859130859375,1,-1,-1,-1
840,-1,481.2923889160156,75.69817352294922,8.271270751953125,7.8067169189453125,1,-1,-1,-1
841,-1,481.802978515625,76.69993591308594,8.38702392578125,7.377388000488281,1,-1,-1,-1
842,-1,482.24560546875,77.48298645019531,8.860443115234375,7.609565734863281,1,-1,-1,-1
843,-1,483.15411376953125,77.9598388671875,8.678009033203125,7.862823486328125,1,-1,-1,-1
844,-1,340.3536376953125,62.35578918457031,20.0,20.0,1,-1,-1,-1
845,-1,340.58148193359375,62.674346923828125,20.0,20.0,1,-1,-1,-1
846,-1,346.7701416015625,63.184165954589844,20.0,20.0,1,-1,-1,-1
852,-1,497.3471374511719,103.08870697021484,8.855560302734375,7.778907775878906,1,-1,-1,-1
853,-1,499.0352783203125,108.48345184326172,9.345428466796875,7.9080657958984375,1,-1,-1,-1
854,-1,500.1241760253906,114.0841064453125,9.518585205078125,9.087493896484375,1,-1,-1,-1
855,-1,500.57293701171875,117.44718170166016,10.00152587890625,9.025581359863281,1,-1,-1,-1
856,-1,503.1007080078125,123.77769470214844,8.6729736328125,8.783538818359375,1,-1,-1,-1
857,-1,505.7933044433594,130.3311309814453,8.746490478515625,9.16473388671875,1,-1,-1,-1
858,-1,506.74908447265625,134.29595947265625,9.19622802734375,9.140594482421875,1,-1,-1,-1
859,-1,509.9582824707031,142.82199096679688,9.365814208984375,9.350509643554688,1,-1,-1,-1
860,-1,513.8291015625,151.14305114746094,9.487548828125,10.113693237304688,1,-1,-1,-1
861,-1,516.2490234375,156.08282470703125,9.44976806640625,10.25555419921875,1,-1,-1,-1
862,-1,520.8196411132812,165.47933959960938,10.63616943359375,10.764190673828125,1,-1,-1,-1
863,-1,528.0808715820312,176.17808532714844,10.18621826171875,10.593948364257812,1,-1,-1,-1
864,-1,531.3704223632812,181.68954467773438,9.7318115234375,10.231277465820312,1,-1,-1,-1
865,-1,538.3843994140625,192.16412353515625,11.1195068359375,10.650222778320312,1,-1,-1,-1
866,-1,547.6026000976562,203.47683715820312,10.53265380859375,9.996078491210938,1,-1,-1,-1
867,-1,551.648681640625,209.0892791748047,11.14361572265625,10.756622314453125,1,-1,-1,-1
868,-1,561.0176391601562,221.17135620117188,10.85528564453125,10.78607177734375,1,-1,-1,-1
869,-1,571.1415405273438,233.35452270507812,10.796875,10.68292236328125,1,-1,-1,-1
870,-1,574.5913696289062,238.86578369140625,12.1298828125,10.761276245117188,1,-1,-1,-1
871,-1,584.7020263671875,251.920654296875,11.8155517578125,11.38104248046875,1,-1,-1,-1
872,-1,595.3575439453125,265.0984802246094,11.45159912109375,11.166717529296875,1,-1,-1,-1
873,-1,600.9987182617188,271.514892578125,11.04412841796875,12.89495849609375,1,-1,-1,-1
874,-1,611.7411499023438,285.9024963378906,11.6246337890625,11.729522705078125,1,-1,-1,-1
875,-1,622.6629638671875,299.55255126953125,12.4476318359375,13.04827880859375,1,-1,-1,-1
876,-1,628.53271484375,306.20989990234375,12.44268798828125,13.1827392578125,1,-1,-1,-1
880,-1,604.927490234375,318.1965637207031,12.370361328125,8.6378173828125,1,-1,-1,-1
881,-1,593.3247680664062,317.7162780761719,12.7672119140625,8.4716796875,1,-1,-1,-1
882,-1,587.4583740234375,318.08319091796875,12.52630615234375,8.552337646484375,1,-1,-1,-1
883,-1,575.4779663085938,318.7015075683594,12.394775390625,7.888397216796875,1,-1,-1,-1
884,-1,563.9580078125,320.0674743652344,12.1153564453125,7.97137451171875,1,-1,-1,-1
885,-1,558.0537719726562,320.5198669433594,12.2264404296875,8.325103759765625,1,-1,-1,-1
886,-1,546.1004638671875,322.6092224121094,13.0137939453125,8.23004150390625,1,-1,-1,-1
887,-1,535.6559448242188,325.7540283203125,12.641845703125,8.2911376953125,1,-1,-1,-1
888,-1,531.0230712890625,327.4368896484375,11.92816162109375,8.820587158203125,1,-1,-1,-1
889,-1,521.138916015625,330.9873352050781,11.65704345703125,8.493927001953125,1,-1,-1,-1
890,-1,512.0518798828125,335.2518615722656,11.8531494140625,8.4393310546875,1,-1,-1,-1
891,-1,507.87591552734375,337.6815185546875,11.996826171875,9.38568115234375,1,-1,-1,-1
892,-1,500.1728515625,342.9635314941406,11.159210205078125,9.19744873046875,1,-1,-1,-1
893,-1,492.5572814941406,348.46319580078125,11.687225341796875,8.405853271484375,1,-1,-1,-1
894,-1,489.38525390625,351.4999084472656,11.334503173828125,9.038177490234375,1,-1,-1,-1
895,-1,481.67254638671875,357.7386779785156,11.474273681640625,8.4356689453125,1,-1,-1,-1
896,-1,474.7098693847656,364.8670654296875,11.616241455078125,9.347991943359375,1,-1,-1,-1
897,-1,471.16424560546875,369.15789794921875,11.219940185546875,8.791015625,1,-1,-1,-1
898,-1,464.22149658203125,376.6834716796875,11.511932373046875,11.43597412109375,1,-1,-1,-1
899,-1,457.21630859375,385.9022521972656,11.84759521484375,10.300933837890625,1,-1,-1,-1
900,-1,453.73095703125,390.5730285644531,11.4705810546875,10.56640625,1,-1,-1,-1
901,-1,447.2850036621094,400.4299621582031,11.325439453125,11.002716064453125,1,-1,-1,-1
902,-1,440.6419372558594,407.5691833496094,11.187744140625,10.19793701171875,1,-1,-1,-1
903,-1,439.0846862792969,404.3002014160156,10.203643798828125,9.617706298828125,1,-1,-1,-1
904,-1,434.4981689453125,397.0948181152344,10.908905029296875,9.289215087890625,1,-1,-1,-1
905,-1,431.0719299316406,390.8266906738281,10.33050537109375,9.624542236328125,1,-1,-1,-1
906,-1,429.3527526855469,387.5726623535156,10.334869384765625,9.366790771484375,1,-1,-1,-1
907,-1,425.1747741699219,382.8645935058594,10.1082763671875,8.59674072265625,1,-1,-1,-1
908,-1,420.93365478515625,377.8515625,11.05926513671875,8.933258056640625,1,-1,-1,-1
909,-1,419.4242248535156,375.6614074707031,10.572418212890625,9.394866943359375,1,-1,-1,-1
910,-1,416.02581787109375,372.244140625,10.20751953125,8.731842041015625,1,-1,-1,-1
911,-1,412.0416564941406,369.451171875,10.369873046875,8.568115234375,1,-1,-1,-1
912,-1,409.8270263671875,368.1019592285156,10.60247802734375,8.237457275390625,1,-1,-1,-1
913,-1,405.978271484375,366.27227783203125,10.514892578125,8.931488037109375,1,-1,-1,-1
914,-1,402.26556396484375,365.43011474609375,10.63671875,8.820709228515625,1,-1,-1,-1
915,-1,400.45654296875,364.7423400878906,10.789215087890625,8.712554931640625,1,-1,-1,-1
916,-1,396.20098876953125,363.87451171875,10.81640625,9.36474609375,1,-1,-1,-1
917,-1,392.3112487792969,364.3198547363281,11.412384033203125,9.236236572265625,1,-1,-1,-1
918,-1,390.4396667480469,364.4454650878906,11.372833251953125,9.146392822265625,1,-1,-1,-1
919,-1,386.58514404296875,365.9186706542969,11.0029296875,8.229461669921875,1,-1,-1,-1
920,-1,382.5037536621094,367.5312805175781,10.557464599609375,8.461395263671875,1,-1,-1,-1
921,-1,380.8803405761719,368.31805419921875,10.442535400390625,9.06817626953125,1,-1,-1,-1
922,-1,377.3836975097656,370.9048767089844,10.110443115234375,8.81573486328125,1,-1,-1,-1
923,-1,374.26019287109375,373.80499267578125,10.5137939453125,9.0880126953125,1,-1,-1,-1
924,-1,372.3570556640625,375.4231872558594,10.024444580078125,8.79412841796875,1,-1,-1,-1
925,-1,367.93316650390625,379.2950134277344,10.621612548828125,9.556976318359375,1,-1,-1,-1
926,-1,412.6964111328125,229.6331329345703,20.0,20.0,1,-1,-1,-1
928,-1,373.4903869628906,383.0373229980469,10.345855712890625,8.72674560546875,1,-1,-1,-1
929,-1,379.419189453125,382.3697204589844,10.4693603515625,9.084197998046875,1,-1,-1,-1
930,-1,382.4156494140625,382.4888000488281,9.864501953125,8.444366455078125,1,-1,-1,-1
931,-1,387.975830078125,383.0947570800781,10.485504150390625,8.606353759765625,1,-1,-1,-1
932,-1,393.24871826171875,383.6731262207031,10.438385009765625,8.4512939453125,1,-1,-1,-1
933,-1,395.015380859375,383.8556823730469,10.699798583984375,8.69024658203125,1,-1,-1,-1
934,-1,401.0760192871094,386.3007507324219,10.41693115234375,8.9576416015625,1,-1,-1,-1
935,-1,406.2861633300781,388.538818359375,10.40277099609375,9.509979248046875,1,-1,-1,-1
936,-1,408.23895263671875,390.0689697265625,10.744293212890625,9.214508056640625,1,-1,-1,-1
937,-1,413.07122802734375,392.7036437988281,10.796600341796875,9.386962890625,1,-1,-1,-1
938,-1,415.7083740234375,390.4932556152344,10.523956298828125,9.0728759765625,1,-1,-1,-1
939,-1,416.7044982910156,389.6447448730469,10.7410888671875,9.066009521484375,1,-1,-1,-1
940,-1,419.97857666015625,388.48797607421875,10.35150146484375,9.470001220703125,1,-1,-1,-1
941,-1,422.5093078613281,387.980224609375,10.219879150390625,8.950714111328125,1,-1,-1,-1
942,-1,423.4451904296875,387.80206298828125,10.282470703125,8.81231689453125,1,-1,-1,-1
943,-1,425.4357604980469,387.91790771484375,10.298004150390625,9.026824951171875,1,-1,-1,-1
944,-1,427.8857727050781,389.2294006347656,10.09112548828125,8.760284423828125,1,-1,-1,-1
945,-1,429.36346435546875,389.8474426269531,10.063201904296875,8.444488525390625,1,-1,-1,-1
946,-1,431.8545837402344,391.3941345214844,9.394287109375,9.74951171875,1,-1,-1,-1
947,-1,431.8259582519531,391.7373962402344,12.218505859375,9.694732666015625,1,-1,-1,-1
948,-1,433.81610107421875,391.5018005371094,12.935577392578125,9.474334716796875,1,-1,-1,-1
949,-1,442.6474304199219,392.4639892578125,11.006744384765625,9.02288818359375,1,-1,-1,-1
950,-1,448.8265686035156,392.5077209472656,11.101593017578125,9.030120849609375,1,-1,-1,-1
951,-1,452.1653747558594,392.66168212890625,10.59588623046875,9.342987060546875,1,-1,-1,-1
952,-1,458.291748046875,393.390869140625,11.105560302734375,8.883026123046875,1,-1,-1,-1
953,-1,464.1341857910156,393.72467041015625,11.253753662109375,9.9481201171875,1,-1,-1,-1
954,-1,466.77081298828125,393.6421813964844,10.98712158203125,10.2481689453125,1,-1,-1,-1
955,-1,472.0185241699219,393.8430480957031,10.37530517578125,9.78692626953125,1,-1,-1,-1
956,-1,476.9966125488281,393.92022705078125,10.41387939453125,9.88116455078125,1,-1,-1,-1
957,-1,479.03448486328125,394.1339111328125,10.57537841796875,10.193084716796875,1,-1,-1,-1
958,-1,483.8941650390625,395.4435119628906,10.213623046875,9.223602294921875,1,-1,-1,-1
959,-1,487.6587829589844,395.3149719238281,10.043182373046875,9.359039306640625,1,-1,-1,-1
960,-1,489.7928771972656,394.8992614746094,10.12738037109375,9.573974609375,1,-1,-1,-1
961,-1,493.0525207519531,394.4368896484375,10.511199951171875,9.785308837890625,1,-1,-1,-1
962,-1,496.6523132324219,394.9328918457031,10.34991455078125,9.695953369140625,1,-1,-1,-1
963,-1,498.3003234863281,395.35101318359375,9.99615478515625,9.813690185546875,1,-1,-1,-1
964,-1,502.1990966796875,396.01800537109375,10.08099365234375,9.923858642578125,1,-1,-1,-1
965,-1,505.47833251953125,395.6806335449219,10.19622802734375,9.85321044921875,1,-1,-1,-1
966,-1,506.9803466796875,395.2415466308594,10.2177734375,10.019989013671875,1,-1,-1,-1
967,-1,508.42633056640625,395.4131164550781,12.55963134765625,9.3052978515625,1,-1,-1,-1
968,-1,511.276611328125,396.1983642578125,11.9766845703125,9.286590576171875,1,-1,-1,-1
969,-1,512.8817749023438,396.1373596191406,11.6805419921875,9.4378662109375,1,-1,-1,-1
970,-1,516.658935546875,396.8315124511719,11.11883544921875,8.735504150390625,1,-1,-1,-1
971,-1,516.81298828125,395.4801940917969,13.89874267578125,10.598388671875,1,-1,-1,-1
972,-1,519.4259643554688,395.95648193359375,12.65753173828125,10.550750732421875,1,-1,-1,-1
973,-1,521.4577026367188,396.43011474609375,10.8353271484375,10.1265869140625,1,-1,-1,-1
974,-1,437.0086669921875,276.2279968261719,20.0,20.0,1,-1,-1,-1
975,-1,438.72271728515625,276.3804016113281,20.0,20.0,1,-1,-1,-1
984,-1,523.0802612304688,403.7872619628906,13.31976318359375,9.820281982421875,1,-1,-1,-1
985,-1,535.9716186523438,403.9430236816406,11.1912841796875,9.043182373046875,1,-1,-1,-1
987,-1,551.9215087890625,402.2371826171875,13.07391357421875,10.213958740234375,1,-1,-1,-1
988,-1,562.6812744140625,403.1177978515625,12.815673828125,9.462249755859375,1,-1,-1,-1
989,-1,573.9578247070312,403.69964599609375,12.189697265625,9.138671875,1,-1,-1,-1
990,-1,578.3137817382812,403.5885314941406,12.70849609375,9.350250244140625,1,-1,-1,-1
991,-1,588.3867797851562,403.4720764160156,12.36151123046875,8.48394775390625,1,-1,-1,-1
992,-1,596.7268676757812,403.4176025390625,12.44329833984375,9.38134765625,1,-1,-1,-1
993,-1,601.2872924804688,403.36505126953125,12.19305419921875,9.011474609375,1,-1,-1,-1
994,-1,609.66650390625,403.6346435546875,11.47613525390625,8.82623291015625,1,-1,-1,-1
995,-1,617.2694091796875,403.63201904296875,11.30645751953125,9.656524658203125,1,-1,-1,-1
996,-1,621.2178955078125,403.9372863769531,10.96063232421875,8.633453369140625,1,-1,-1,-1
997,-1,628.3084716796875,404.67352294921875,10.78961181640625,9.919403076171875,1,-1,-1,-1
998,-1,633.761962890625,404.3072204589844,11.751220703125,9.18017578125,1,-1,-1,-1
999,-1,637.6356811523438,404.29052734375,11.13092041015625,9.861328125,1,-1,-1,-1
1000,-1,643.0349731445312,404.4394226074219,11.24603271484375,9.444580078125,1,-1,-1,-1
1001,-1,647.9783325195312,404.85552978515625,12.4290771484375,9.595001220703125,1,-1,-1,-1
1002,-1,651.8182373046875,404.7193908691406,11.05853271484375,9.3128662109375,1,-1,-1,-1
1003,-1,657.4044799804688,404.3848571777344,11.16009521484375,9.66241455078125,1,-1,-1,-1
1004,-1,661.7307739257812,405.3345947265625,11.79669189453125,9.473663330078125,1,-1,-1,-1
1005,-1,664.6519775390625,405.212890625,11.65234375,9.49951171875,1,-1,-1,-1
1006,-1,670.3430786132812,404.9769592285156,10.29180908203125,9.533905029296875,1,-1,-1,-1
1007,-1,674.0660400390625,404.8381652832031,11.35540771484375,10.03289794921875,1,-1,-1,-1
1008,-1,677.0560302734375,405.02313232421875,10.82684326171875,9.3572998046875,1,-1,-1,-1
1009,-1,681.1680908203125,404.49884033203125,11.05316162109375,9.296875,1,-1,-1,-1
1010,-1,686.1172485351562,404.88775634765625,10.74896240234375,9.24530029296875,1,-1,-1,-1
1011,-1,688.1799926757812,404.3298034667969,11.6240234375,9.679656982421875,1,-1,-1,-1
1012,-1,692.7089233398438,404.3767395019531,10.2867431640625,9.5709228515625,1,-1,-1,-1
1013,-1,697.4859619140625,404.3398742675781,10.57037353515625,9.815093994140625,1,-1,-1,-1
1014,-1,699.2438354492188,404.9498291015625,11.6175537109375,9.801849365234375,1,-1,-1,-1
1015,-1,703.0929565429688,404.72772216796875,11.4447021484375,9.73095703125,1,-1,-1,-1
1016,-1,707.1802978515625,404.4109802246094,11.54150390625,9.58087158203125,1,-1,-1,-1
1017,-1,709.7769165039062,404.19110107421875,10.47674560546875,9.82464599609375,1,-1,-1,-1
1018,-1,713.060546875,404.1923828125,11.059326171875,9.556976318359375,1,-1,-1,-1
1019,-1,717.0993041992188,404.2280578613281,10.63104248046875,9.111785888671875,1,-1,-1,-1
1020,-1,717.3014526367188,404.39385986328125,13.94390869140625,9.392913818359375,1,-1,-1,-1
1021,-1,719.7791137695312,404.38018798828125,13.9163818359375,9.338653564453125,1,-1,-1,-1
1022,-1,725.178466796875,403.58062744140625,12.1278076171875,9.307403564453125,1,-1,-1,-1
1023,-1,726.9381713867188,402.7066345214844,13.33697509765625,10.839324951171875,1,-1,-1,-1
1024,-1,730.7933959960938,402.91204833984375,11.5343017578125,9.54644775390625,1,-1,-1,-1
1025,-1,734.7911376953125,403.27490234375,11.6873779296875,9.68377685546875,1,-1,-1,-1
1026,-1,736.9138793945312,402.97637939453125,10.94720458984375,9.5001220703125,1,-1,-1,-1
1027,-1,740.3970336914062,402.28155517578125,10.72369384765625,9.59429931640625,1,-1,-1,-1
1028,-1,744.0184326171875,402.0069885253906,11.4688720703125,9.950714111328125,1,-1,-1,-1
1029,-1,746.3013916015625,401.98541259765625,11.01263427734375,9.5906982421875,1,-1,-1,-1
1030,-1,749.5908203125,402.0420837402344,11.25213623046875,9.767181396484375,1,-1,-1,-1
1031,-1,752.6079711914062,401.95086669921875,11.54034423828125,9.421356201171875,1,-1,-1,-1
1032,-1,754.3553466796875,401.97723388671875,11.87310791015625,9.36798095703125,1,-1,-1,-1
1033,-1,758.95556640625,401.8886413574219,10.99456787109375,9.563262939453125,1,-1,-1,-1
1034,-1,762.1522827148438,401.23651123046875,11.72271728515625,9.60040283203125,1,-1,-1,-1
1035,-1,763.7008056640625,401.0838928222656,11.54498291015625,10.004425048828125,1,-1,-1,-1
1036,-1,767.6290893554688,400.920166015625,11.761474609375,9.644927978515625,1,-1,-1,-1
1037,-1,771.8499755859375,400.944091796875,11.2110595703125,9.35205078125,1,-1,-1,-1
1038,-1,773.9600219726562,400.7951354980469,10.5460205078125,9.2557373046875,1,-1,-1,-1
1039,-1,777.432373046875,400.2185363769531,11.3155517578125,9.362823486328125,1,-1,-1,-1
1040,-1,780.8718872070312,399.88446044921875,11.39697265625,9.498779296875,1,-1,-1,-1
1041,-1,782.3868408203125,399.903076171875,11.277099609375,9.587249755859375,1,-1,-1,-1
