4,-1,441.5393981933594,248.06167602539062,6.6053466796875,6.189300537109375,1,-1,-1,-1
74,-1,442.0262451171875,246.3399658203125,6.279754638671875,7.191131591796875,1,-1,-1,-1
76,-1,442.4140319824219,247.32290649414062,6.40557861328125,6.8912811279296875,1,-1,-1,-1
77,-1,405.90106201171875,277.4677429199219,9.0579833984375,5.584381103515625,1,-1,-1,-1
78,-1,400.7290954589844,276.8506164550781,7.77972412109375,5.525299072265625,1,-1,-1,-1
79,-1,387.2288513183594,276.79046630859375,8.937347412109375,4.9765625,1,-1,-1,-1
80,-1,374.66888427734375,276.97760009765625,8.554443359375,5.31304931640625,1,-1,-1,-1
81,-1,369.1835021972656,277.29541015625,8.52191162109375,5.13433837890625,1,-1,-1,-1
82,-1,357.3660583496094,276.8785095214844,8.978668212890625,5.03338623046875,1,-1,-1,-1
83,-1,345.9417419433594,276.41748046875,9.214508056640625,5.06256103515625,1,-1,-1,-1
84,-1,341.2427062988281,276.28131103515625,8.5247802734375,4.99725341796875,1,-1,-1,-1
85,-1,330.3753356933594,275.78143310546875,8.171356201171875,4.787811279296875,1,-1,-1,-1
86,-1,320.1980895996094,275.7602233886719,8.44281005859375,4.911407470703125,1,-1,-1,-1
87,-1,316.0829162597656,275.8839111328125,8.00665283203125,4.51556396484375,1,-1,-1,-1
88,-1,307.50408935546875,275.18658447265625,6.9830322265625,4.90625,1,-1,-1,-1
89,-1,299.15869140625,275.0630798339844,8.103424072265625,5.1854248046875,1,-1,-1,-1
90,-1,295.4949645996094,274.8377685546875,8.020843505859375,5.325103759765625,1,-1,-1,-1
91,-1,287.6253356933594,274.7256164550781,7.92059326171875,5.31365966796875,1,-1,-1,-1
92,-1,280.75439453125,274.6671447753906,7.947509765625,5.313446044921875,1,-1,-1,-1
93,-1,277.4219665527344,274.5101013183594,8.149017333984375,5.2879638671875,1,-1,-1,-1
94,-1,271.0079345703125,274.0446472167969,7.572021484375,5.1051025390625,1,-1,-1,-1
95,-1,264.70465087890625,273.4969787597656,7.99493408203125,5.415557861328125,1,-1,-1,-1
96,-1,261.58001708984375,273.3948059082031,7.93939208984375,5.4979248046875,1,-1,-1,-1
97,-1,256.4434509277344,272.6383972167969,7.8692626953125,5.978912353515625,1,-1,-1,-1
98,-1,249.03512573242188,273.0435791015625,8.194000244140625,6.085052490234375,1,-1,-1,-1
99,-1,246.5349884033203,272.6723327636719,9.40081787109375,6.3865966796875,1,-1,-1,-1
100,-1,242.4502716064453,272.21710205078125,8.137588500976562,6.302825927734375,1,-1,-1,-1
101,-1,239.32766723632812,271.4210205078125,7.3299407958984375,5.842041015625,1,-1,-1,-1
102,-1,236.9119873046875,271.3441467285156,7.050018310546875,5.649078369140625,1,-1,-1,-1
103,-1,232.52381896972656,271.2513732910156,7.4913177490234375,5.302398681640625,1,-1,-1,-1
104,-1,227.82606506347656,271.4196472167969,7.161956787109375,5.28900146484375,1,-1,-1,-1
105,-1,225.9438934326172,271.18536376953125,7.56781005859375,5.405914306640625,1,-1,-1,-1
106,-1,221.54429626464844,270.540283203125,6.7323760986328125,5.3502197265625,1,-1,-1,-1
107,-1,216.4302520751953,270.1301574707031,7.1884613037109375,5.623779296875,1,-1,-1,-1
108,-1,214.59642028808594,270.13006591796875,7.5453643798828125,5.76434326171875,1,-1,-1,-1
109,-1,212.11048889160156,268.94610595703125,7.7571258544921875,6.341583251953125,1,-1,-1,-1
110,-1,215.09515380859375,268.91796875,7.5373382568359375,5.922027587890625,1,-1,-1,-1
111,-1,215.95240783691406,268.78326416015625,7.48370361328125,5.76348876953125,1,-1,-1,-1
112,-1,217.7373504638672,268.6161804199219,7.37921142578125,5.6690673828125,1,-1,-1,-1
113,-1,219.30897521972656,268.18280029296875,7.6883087158203125,5.94647216796875,1,-1,-1,-1
114,-1,220.39254760742188,268.0201416015625,7.3515777587890625,6.08538818359375,1,-1,-1,-1
115,-1,222.27481079101562,267.6555480957031,7.140106201171875,6.641571044921875,1,-1,-1,-1
116,-1,223.95103454589844,266.95989990234375,6.807373046875,6.905029296875,1,-1,-1,-1
117,-1,224.3865509033203,266.6881103515625,6.9851226806640625,6.963165283203125,1,-1,-1,-1
118,-1,225.77719116210938,266.5114440917969,7.2510833740234375,6.844085693359375,1,-1,-1,-1
119,-1,226.93992614746094,266.31707763671875,7.1607818603515625,7.045501708984375,1,-1,-1,-1
122,-1,229.49342346191406,263.8491516113281,6.20855712890625,7.137847900390625,1,-1,-1,-1
133,-1,437.33160400390625,343.79034423828125,7.097747802734375,8.531707763671875,1,-1,-1,-1
163,-1,417.57720947265625,327.4844665527344,7.05413818359375,8.536956787109375,1,-1,-1,-1
174,-1,295.1527404785156,253.69366455078125,6.0638427734375,5.901123046875,1,-1,-1,-1
184,-1,278.83758544921875,241.6078338623047,6.587921142578125,5.6013641357421875,1,-1,-1,-1
185,-1,278.00518798828125,241.3863067626953,6.741851806640625,5.2956390380859375,1,-1,-1,-1
186,-1,276.3470153808594,239.57400512695312,6.217742919921875,5.26324462890625,1,-1,-1,-1
187,-1,274.4342346191406,237.52220153808594,6.278533935546875,5.3398284912109375,1,-1,-1,-1
188,-1,273.7936706542969,236.7516632080078,6.131866455078125,5.1728668212890625,1,-1,-1,-1
189,-1,272.3824768066406,235.73878479003906,6.249176025390625,5.036895751953125,1,-1,-1,-1
190,-1,271.1203308105469,235.16441345214844,6.2777099609375,4.593597412109375,1,-1,-1,-1
191,-1,270.33917236328125,234.7528076171875,6.29400634765625,5.04150390625,1,-1,-1,-1
192,-1,269.6862487792969,234.2154541015625,6.3260498046875,4.799560546875,1,-1,-1,-1
193,-1,268.71087646484375,232.28623962402344,6.34991455078125,5.0713958740234375,1,-1,-1,-1
194,-1,268.29339599609375,231.50149536132812,6.128143310546875,4.9474334716796875,1,-1,-1,-1
195,-1,267.29290771484375,230.401611328125,6.435455322265625,4.9967193603515625,1,-1,-1,-1
196,-1,266.5987243652344,229.8186798095703,6.345977783203125,4.944793701171875,1,-1,-1,-1
197,-1,266.33624267578125,229.52505493164062,6.5174560546875,4.9266815185546875,1,-1,-1,-1
198,-1,265.7444152832031,228.3205108642578,6.484222412109375,5.01666259765625,1,-1,-1,-1
199,-1,265.3462219238281,227.35302734375,6.357269287109375,4.9209136962890625,1,-1,-1,-1
200,-1,265.0411376953125,227.06097412109375,6.374237060546875,4.905303955078125,1,-1,-1,-1
201,-1,264.541259765625,226.39990234375,6.151885986328125,4.732818603515625,1,-1,-1,-1
202,-1,263.9801940917969,225.63128662109375,6.681732177734375,4.8149871826171875,1,-1,-1,-1
203,-1,263.7471618652344,225.34730529785156,6.59783935546875,4.740478515625,1,-1,-1,-1
204,-1,264.3542785644531,224.32943725585938,6.142303466796875,4.881134033203125,1,-1,-1,-1
205,-1,264.3768005371094,223.51792907714844,6.038116455078125,5.0099639892578125,1,-1,-1,-1
206,-1,264.40118408203125,223.3412628173828,5.809906005859375,4.8860015869140625,1,-1,-1,-1
207,-1,263.9970703125,223.29881286621094,5.825286865234375,4.6099853515625,1,-1,-1,-1
208,-1,263.6506042480469,222.71917724609375,5.92974853515625,4.5092926025390625,1,-1,-1,-1
209,-1,263.7518310546875,222.2601776123047,5.946533203125,4.6004486083984375,1,-1,-1,-1
210,-1,263.69866943359375,221.69520568847656,5.890411376953125,4.848602294921875,1,-1,-1,-1
211,-1,263.6268310546875,221.35797119140625,6.034698486328125,4.8966217041015625,1,-1,-1,-1
212,-1,263.602783203125,221.3145751953125,6.210113525390625,4.823028564453125,1,-1,-1,-1
213,-1,263.7762451171875,220.7917022705078,5.873291015625,4.8865814208984375,1,-1,-1,-1
214,-1,263.42645263671875,220.17410278320312,5.909271240234375,5.0749969482421875,1,-1,-1,-1
215,-1,263.4483337402344,220.14584350585938,6.156982421875,5.044921875,1,-1,-1,-1
216,-1,263.1192321777344,219.98590087890625,6.2674560546875,4.90911865234375,1,-1,-1,-1
217,-1,263.0074157714844,219.68666076660156,6.14056396484375,4.8465423583984375,1,-1,-1,-1
218,-1,262.73834228515625,219.70501708984375,6.4034423828125,4.8639984130859375,1,-1,-1,-1
219,-1,262.5439147949219,219.47694396972656,6.39056396484375,4.7938995361328125,1,-1,-1,-1
220,-1,262.49169921875,219.13455200195312,6.156585693359375,4.9073486328125,1,-1,-1,-1
221,-1,262.2551574707031,218.92605590820312,6.06640625,4.97406005859375,1,-1,-1,-1
222,-1,261.936279296875,218.64097595214844,6.096527099609375,4.7326507568359375,1,-1,-1,-1
223,-1,261.4429626464844,218.26820373535156,6.021453857421875,4.88140869140625,1,-1,-1,-1
224,-1,261.263671875,218.19146728515625,6.016143798828125,4.925445556640625,1,-1,-1,-1
225,-1,260.75799560546875,217.9824676513672,6.0670166015625,4.9665069580078125,1,-1,-1,-1
226,-1,260.2872314453125,217.4146728515625,6.235107421875,5.0634307861328125,1,-1,-1,-1
227,-1,260.2652282714844,217.17996215820312,6.085296630859375,5.186920166015625,1,-1,-1,-1
228,-1,260.04840087890625,216.73658752441406,5.804656982421875,5.3868255615234375,1,-1,-1,-1
229,-1,258.771484375,216.52386474609375,6.1243896484375,4.9815521240234375,1,-1,-1,-1
230,-1,258.5283508300781,216.55239868164062,6.08392333984375,5.03912353515625,1,-1,-1,-1
231,-1,258.0561218261719,216.07862854003906,6.00946044921875,5.0511322021484375,1,-1,-1,-1
232,-1,257.4017028808594,215.71409606933594,5.79541015625,4.969390869140625,1,-1,-1,-1
233,-1,257.1527099609375,215.51502990722656,5.688568115234375,5.0303192138671875,1,-1,-1,-1
234,-1,256.6269836425781,215.36740112304688,5.762908935546875,5.020721435546875,1,-1,-1,-1
235,-1,255.74697875976562,215.1832733154297,6.005401611328125,4.87200927734375,1,-1,-1,-1
236,-1,255.35845947265625,214.9554901123047,6.069549560546875,4.8800506591796875,1,-1,-1,-1
237,-1,254.79275512695312,214.835693359375,5.86895751953125,4.898529052734375,1,-1,-1,-1
238,-1,253.71255493164062,214.24166870117188,6.051361083984375,5.07476806640625,1,-1,-1,-1
239,-1,253.15159606933594,214.13758850097656,6.2685699462890625,5.039825439453125,1,-1,-1,-1
240,-1,252.4871368408203,213.7243194580078,6.2766265869140625,4.9350433349609375,1,-1,-1,-1
241,-1,250.726806640625,213.61618041992188,6.06768798828125,4.7044830322265625,1,-1,-1,-1
242,-1,249.75616455078125,213.40953063964844,6.34747314453125,4.743682861328125,1,-1,-1,-1
243,-1,248.29840087890625,213.67588806152344,6.652557373046875,4.7411346435546875,1,-1,-1,-1
244,-1,247.19235229492188,213.5226593017578,6.714447021484375,4.84405517578125,1,-1,-1,-1
245,-1,246.32675170898438,213.36972045898438,7.0670318603515625,5.036773681640625,1,-1,-1,-1
246,-1,242.56459045410156,212.73095703125,9.153457641601562,5.270172119140625,1,-1,-1,-1
247,-1,248.35264587402344,211.35926818847656,7.9662933349609375,5.6011505126953125,1,-1,-1,-1
248,-1,251.317138671875,210.8306427001953,8.20574951171875,5.154449462890625,1,-1,-1,-1
249,-1,259.5834045410156,210.54811096191406,6.626068115234375,4.9620819091796875,1,-1,-1,-1
250,-1,266.1419982910156,209.92819213867188,6.32171630859375,4.8309173583984375,1,-1,-1,-1
251,-1,269.5287780761719,209.65830993652344,6.29217529296875,4.6900482177734375,1,-1,-1,-1
252,-1,276.22760009765625,208.66387939453125,6.0303955078125,4.4329833984375,1,-1,-1,-1
253,-1,281.21551513671875,207.46229553222656,6.30670166015625,5.00482177734375,1,-1,-1,-1
254,-1,284.0011901855469,207.2470245361328,6.242919921875,5.07421875,1,-1,-1,-1
255,-1,289.61090087890625,207.021240234375,6.184173583984375,5.1717071533203125,1,-1,-1,-1
256,-1,294.3898010253906,206.48837280273438,6.339111328125,4.698760986328125,1,-1,-1,-1
257,-1,296.6432189941406,206.32186889648438,6.033782958984375,4.7361907958984375,1,-1,-1,-1
258,-1,301.3939208984375,205.3316192626953,6.555206298828125,4.8361053466796875,1,-1,-1,-1
259,-1,306.03912353515625,204.41677856445312,6.62371826171875,4.79510498046875,1,-1,-1,-1
260,-1,308.74005126953125,204.23745727539062,6.0816650390625,4.4382171630859375,1,-1,-1,-1
261,-1,313.5784912109375,204.05245971679688,5.5020751953125,4.29840087890625,1,-1,-1,-1
262,-1,317.6099548339844,203.15432739257812,5.711578369140625,4.3417816162109375,1,-1,-1,-1
263,-1,319.1925048828125,202.95452880859375,5.970733642578125,4.2771453857421875,1,-1,-1,-1
264,-1,322.772216796875,202.0874481201172,6.33551025390625,4.471588134765625,1,-1,-1,-1
265,-1,326.5790710449219,201.58338928222656,6.433319091796875,4.593963623046875,1,-1,-1,-1
266,-1,328.37860107421875,201.10720825195312,5.8262939453125,4.95208740234375,1,-1,-1,-1
267,-1,331.7744445800781,200.51617431640625,5.931671142578125,4.5547637939453125,1,-1,-1,-1
268,-1,335.5271911621094,200.39198303222656,5.656280517578125,4.5535736083984375,1,-1,-1,-1
269,-1,336.8392333984375,200.2305908203125,5.55206298828125,4.3553314208984375,1,-1,-1,-1
270,-1,340.59930419921875,199.70858764648438,5.20770263671875,4.3274078369140625,1,-1,-1,-1
271,-1,343.3113708496094,198.87139892578125,5.548187255859375,4.560211181640625,1,-1,-1,-1
272,-1,344.7699890136719,198.71861267089844,5.72076416015625,4.5875396728515625,1,-1,-1,-1
273,-1,347.80609130859375,198.1609344482422,6.041015625,4.3131561279296875,1,-1,-1,-1
274,-1,350.5419616699219,197.46139526367188,5.892120361328125,4.5261077880859375,1,-1,-1,-1
279,-1,345.2493896484375,197.49920654296875,6.253387451171875,4.2008056640625,1,-1,-1,-1
280,-1,337.53900146484375,198.0102081298828,6.807464599609375,4.7705078125,1,-1,-1,-1
281,-1,334.19171142578125,198.4984588623047,6.229461669921875,4.6858673095703125,1,-1,-1,-1
282,-1,327.2099609375,199.16766357421875,6.445831298828125,4.1045074462890625,1,-1,-1,-1
283,-1,320.5976867675781,199.82540893554688,6.590789794921875,4.4569854736328125,1,-1,-1,-1
284,-1,317.091064453125,200.0618133544922,6.22174072265625,4.5418701171875,1,-1,-1,-1
285,-1,310.4989013671875,200.24819946289062,6.721099853515625,4.392333984375,1,-1,-1,-1
286,-1,304.56402587890625,200.5700225830078,5.975006103515625,4.7010955810546875,1,-1,-1,-1
287,-1,301.7444152832031,200.76455688476562,6.373077392578125,4.9770050048828125,1,-1,-1,-1
288,-1,296.35028076171875,201.66949462890625,6.30828857421875,4.47662353515625,1,-1,-1,-1
289,-1,290.88238525390625,202.16192626953125,6.193756103515625,4.6511077880859375,1,-1,-1,-1
290,-1,289.03155517578125,202.1950225830078,5.9158935546875,4.7669830322265625,1,-1,-1,-1
291,-1,284.5799255371094,202.30987548828125,5.9857177734375,5.1276702880859375,1,-1,-1,-1
292,-1,280.3337707519531,203.26136779785156,5.897857666015625,4.6124725341796875,1,-1,-1,-1
293,-1,278.1041564941406,203.1893768310547,6.141876220703125,4.9460296630859375,1,-1,-1,-1
294,-1,274.6499938964844,203.538330078125,6.00506591796875,4.793182373046875,1,-1,-1,-1
295,-1,271.24920654296875,203.81082153320312,6.111297607421875,4.795562744140625,1,-1,-1,-1
296,-1,269.8804626464844,204.0245361328125,5.90826416015625,4.4516448974609375,1,-1,-1,-1
297,-1,266.545654296875,204.57061767578125,5.74920654296875,4.7169952392578125,1,-1,-1,-1
298,-1,263.66845703125,204.83436584472656,5.815704345703125,4.8326416015625,1,-1,-1,-1
299,-1,262.3601379394531,204.5763397216797,5.72711181640625,4.898040771484375,1,-1,-1,-1
300,-1,259.5743713378906,204.25509643554688,5.825286865234375,5.251007080078125,1,-1,-1,-1
301,-1,256.970947265625,204.435302734375,5.892364501953125,5.57720947265625,1,-1,-1,-1
302,-1,255.51837158203125,204.7988739013672,6.23809814453125,5.320037841796875,1,-1,-1,-1
303,-1,252.75209045410156,205.00828552246094,6.1932525634765625,5.061981201171875,1,-1,-1,-1
304,-1,250.2938232421875,204.9266815185547,6.157928466796875,4.9022216796875,1,-1,-1,-1
305,-1,248.32748413085938,204.47129821777344,6.3789215087890625,4.8146209716796875,1,-1,-1,-1
306,-1,246.19174194335938,204.1231231689453,6.2462310791015625,4.7441253662109375,1,-1,-1,-1
307,-1,243.87301635742188,203.7445068359375,5.901397705078125,4.82574462890625,1,-1,-1,-1
308,-1,242.40695190429688,203.42208862304688,6.40533447265625,4.7958831787109375,1,-1,-1,-1
309,-1,239.77052307128906,202.65565490722656,6.4733734130859375,4.895233154296875,1,-1,-1,-1
310,-1,238.0180206298828,201.90570068359375,6.079254150390625,5.0336151123046875,1,-1,-1,-1
311,-1,235.97935485839844,201.1027374267578,6.4791107177734375,5.2640838623046875,1,-1,-1,-1
312,-1,237.38035583496094,200.66253662109375,6.726226806640625,5.427734375,1,-1,-1,-1
313,-1,239.62901306152344,200.55435180664062,7.0398712158203125,5.2672576904296875,1,-1,-1,-1
314,-1,241.61683654785156,201.07901000976562,6.9269256591796875,5.0883331298828125,1,-1,-1,-1
315,-1,244.86619567871094,201.56866455078125,6.468719482421875,4.84185791015625,1,-1,-1,-1
316,-1,247.22518920898438,201.5369873046875,6.2927398681640625,5.0541534423828125,1,-1,-1,-1
317,-1,248.3509979248047,201.61651611328125,6.2935028076171875,5.156280517578125,1,-1,-1,-1
318,-1,251.20938110351562,202.05673217773438,6.179656982421875,5.02581787109375,1,-1,-1,-1
319,-1,253.2576904296875,202.4480743408203,6.34881591796875,5.22723388671875,1,-1,-1,-1
320,-1,254.25392150878906,202.2608184814453,5.7522125244140625,5.3429107666015625,1,-1,-1,-1
321,-1,256.3812561035156,202.49676513671875,6.333831787109375,5.0164642333984375,1,-1,-1,-1
322,-1,257.9302062988281,202.89508056640625,6.170623779296875,4.8031158447265625,1,-1,-1,-1
323,-1,258.6283264160156,202.87486267089844,6.297271728515625,4.8138427734375,1,-1,-1,-1
324,-1,259.9388732910156,202.38746643066406,6.1531982421875,5.1013946533203125,1,-1,-1,-1
325,-1,261.10162353515625,202.22393798828125,6.173858642578125,5.164886474609375,1,-1,-1,-1
326,-1,261.8500671386719,202.20529174804688,6.33941650390625,5.114501953125,1,-1,-1,-1
327,-1,262.5818176269531,202.216796875,6.2388916015625,5.299957275390625,1,-1,-1,-1
328,-1,264.0406188964844,202.46090698242188,6.2264404296875,5.206634521484375,1,-1,-1,-1
329,-1,264.8349914550781,202.40171813964844,6.08172607421875,5.35308837890625,1,-1,-1,-1
330,-1,265.60699462890625,202.21279907226562,6.14227294921875,5.27392578125,1,-1,-1,-1
331,-1,267.1737060546875,202.28762817382812,5.996734619140625,5.2169036865234375,1,-1,-1,-1
332,-1,267.7171630859375,202.00863647460938,6.0953369140625,5.358978271484375,1,-1,-1,-1
333,-1,268.78753662109375,201.6965789794922,6.41656494140625,5.232330322265625,1,-1,-1,-1
334,-1,269.7525634765625,201.81642150878906,6.384307861328125,5.1384429931640625,1,-1,-1,-1
335,-1,270.178955078125,201.501220703125,6.3516845703125,5.3304595947265625,1,-1,-1,-1
336,-1,271.2124938964844,201.6350860595703,6.2496337890625,5.254608154296875,1,-1,-1,-1
337,-1,271.9735412597656,201.7244873046875,6.38421630859375,5.1733856201171875,1,-1,-1,-1
338,-1,272.3459777832031,201.70916748046875,6.7264404296875,5.285491943359375,1,-1,-1,-1
339,-1,273.26312255859375,201.99732971191406,6.91302490234375,5.0919036865234375,1,-1,-1,-1
340,-1,274.36517333984375,201.7299041748047,6.85345458984375,5.3596343994140625,1,-1,-1,-1
341,-1,274.7001037597656,201.89077758789062,6.90057373046875,5.2943115234375,1,-1,-1,-1
342,-1,275.8717956542969,201.72488403320312,7.03680419921875,5.2691650390625,1,-1,-1,-1
343,-1,276.3316650390625,202.000732421875,7.122161865234375,5.1998291015625,1,-1,-1,-1
344,-1,276.8047790527344,202.00009155273438,6.83526611328125,5.1602325439453125,1,-1,-1,-1
345,-1,277.5066223144531,202.0692138671875,7.135833740234375,5.26385498046875,1,-1,-1,-1
346,-1,278.068359375,202.19155883789062,6.97210693359375,5.3450775146484375,1,-1,-1,-1
347,-1,278.4334411621094,202.20614624023438,6.828857421875,5.2378997802734375,1,-1,-1,-1
348,-1,279.5967712402344,202.5129852294922,6.566680908203125,5.1223297119140625,1,-1,-1,-1
349,-1,280.1503601074219,202.70274353027344,6.591949462890625,5.1323699951171875,1,-1,-1,-1
350,-1,280.6399841308594,202.6552276611328,6.563720703125,5.14349365234375,1,-1,-1,-1
351,-1,281.453857421875,202.69149780273438,6.5555419921875,5.3223419189453125,1,-1,-1,-1
352,-1,282.3664245605469,202.6002960205078,6.488616943359375,5.3911895751953125,1,-1,-1,-1
353,-1,282.8081970214844,202.49046325683594,6.619171142578125,5.3773193359375,1,-1,-1,-1
354,-1,283.756103515625,202.40374755859375,6.5452880859375,5.481109619140625,1,-1,-1,-1
355,-1,284.75177001953125,202.51426696777344,6.444183349609375,5.45050048828125,1,-1,-1,-1
356,-1,285.3274230957031,202.48492431640625,6.50384521484375,5.3308563232421875,1,-1,-1,-1
357,-1,286.80889892578125,202.42208862304688,6.549041748046875,5.4430999755859375,1,-1,-1,-1
358,-1,288.37017822265625,200.52581787109375,7.0755615234375,6.770782470703125,1,-1,-1,-1
359,-1,288.2962646484375,201.34274291992188,7.88409423828125,6.117156982421875,1,-1,-1,-1
360,-1,283.6680908203125,201.48001098632812,9.40057373046875,6.4277496337890625,1,-1,-1,-1
362,-1,274.1394348144531,205.3504180908203,7.11395263671875,5.3766937255859375,1,-1,-1,-1
363,-1,266.5169372558594,207.2852325439453,7.805419921875,5.2991790771484375,1,-1,-1,-1
364,-1,260.57684326171875,209.16262817382812,6.55859375,5.333740234375,1,-1,-1,-1
365,-1,257.3207702636719,210.17019653320312,6.673065185546875,5.2386016845703125,1,-1,-1,-1
366,-1,251.18679809570312,211.81399536132812,7.29638671875,5.3321685791015625,1,-1,-1,-1
367,-1,244.96234130859375,213.57127380371094,8.04693603515625,5.567352294921875,1,-1,-1,-1
368,-1,241.8191680908203,214.17764282226562,8.108139038085938,5.58782958984375,1,-1,-1,-1
369,-1,236.43983459472656,215.8483123779297,7.3123626708984375,5.880584716796875,1,-1,-1,-1
370,-1,230.9687042236328,217.22593688964844,7.26971435546875,5.91845703125,1,-1,-1,-1
371,-1,228.20555114746094,218.37811279296875,7.739349365234375,5.4797515869140625,1,-1,-1,-1
372,-1,222.62765502929688,220.20028686523438,7.8904266357421875,5.4636993408203125,1,-1,-1,-1
373,-1,217.28411865234375,221.77247619628906,8.088226318359375,5.680938720703125,1,-1,-1,-1
374,-1,214.74168395996094,222.8615264892578,7.531097412109375,5.5935821533203125,1,-1,-1,-1
375,-1,210.8023681640625,224.1261749267578,7.2073974609375,6.1978302001953125,1,-1,-1,-1
376,-1,206.1010284423828,225.66244506835938,7.7969207763671875,6.3531036376953125,1,-1,-1,-1
377,-1,204.34768676757812,226.5468292236328,7.95623779296875,6.23291015625,1,-1,-1,-1
378,-1,200.16122436523438,227.8990478515625,7.561859130859375,6.0201568603515625,1,-1,-1,-1
379,-1,195.86160278320312,229.5300750732422,8.358856201171875,5.8701629638671875,1,-1,-1,-1
380,-1,194.12466430664062,230.43817138671875,7.9655609130859375,6.0941314697265625,1,-1,-1,-1
381,-1,190.62557983398438,231.61859130859375,7.796142578125,6.071685791015625,1,-1,-1,-1
382,-1,187.17312622070312,233.42869567871094,7.6533203125,6.3430328369140625,1,-1,-1,-1
383,-1,185.44708251953125,234.38436889648438,7.727630615234375,6.189788818359375,1,-1,-1,-1
384,-1,182.2027587890625,235.54615783691406,7.79541015625,5.9883880615234375,1,-1,-1,-1
385,-1,179.69924926757812,236.96290588378906,7.787261962890625,6.0103912353515625,1,-1,-1,-1
386,-1,178.53521728515625,237.97286987304688,7.8498687744140625,5.912567138671875,1,-1,-1,-1
387,-1,175.39752197265625,239.6205596923828,8.418838500976562,5.8195037841796875,1,-1,-1,-1
388,-1,173.6265411376953,240.8319549560547,7.9256134033203125,6.140045166015625,1,-1,-1,-1
389,-1,172.669189453125,241.5965576171875,7.9482421875,6.3019866943359375,1,-1,-1,-1
390,-1,170.74293518066406,243.0428924560547,8.146392822265625,6.403839111328125,1,-1,-1,-1
391,-1,169.0829315185547,244.50018310546875,8.030471801757812,6.5367584228515625,1,-1,-1,-1
392,-1,168.1839599609375,245.1197967529297,8.399276733398438,7.2171630859375,1,-1,-1,-1
393,-1,166.89019775390625,246.7050323486328,7.9918060302734375,6.7761077880859375,1,-1,-1,-1
394,-1,165.20150756835938,247.92405700683594,7.80169677734375,6.1196136474609375,1,-1,-1,-1
395,-1,164.90318298339844,248.4879913330078,7.67449951171875,6.070587158203125,1,-1,-1,-1
396,-1,162.95651245117188,249.32347106933594,7.5846405029296875,6.1248779296875,1,-1,-1,-1
397,-1,161.07769775390625,250.77896118164062,7.8768463134765625,6.490875244140625,1,-1,-1,-1
398,-1,160.6666717529297,251.20985412597656,8.084503173828125,6.7020111083984375,1,-1,-1,-1
399,-1,158.84274291992188,252.2689208984375,7.6339111328125,6.406402587890625,1,-1,-1,-1
400,-1,156.6227569580078,253.5290069580078,8.322677612304688,6.7766876220703125,1,-1,-1,-1
401,-1,155.99998474121094,253.9198760986328,8.125732421875,6.4172210693359375,1,-1,-1,-1
402,-1,153.6206817626953,255.2761688232422,8.218109130859375,6.9839324951171875,1,-1,-1,-1
403,-1,151.74896240234375,256.10009765625,8.002685546875,6.962127685546875,1,-1,-1,-1
404,-1,150.5996551513672,256.6417236328125,7.8088836669921875,6.324554443359375,1,-1,-1,-1
405,-1,148.4792938232422,257.4320983886719,8.017913818359375,7.082794189453125,1,-1,-1,-1
406,-1,146.54095458984375,258.17303466796875,8.074447631835938,6.783599853515625,1,-1,-1,-1
407,-1,144.79269409179688,258.48468017578125,8.444351196289062,6.995086669921875,1,-1,-1,-1
408,-1,141.07997131347656,259.73809814453125,9.017715454101562,6.254119873046875,1,-1,-1,-1
409,-1,138.12545776367188,259.9950866699219,8.80975341796875,6.704010009765625,1,-1,-1,-1
411,-1,139.12619018554688,260.9140319824219,8.754623413085938,6.0020751953125,1,-1,-1,-1
412,-1,140.8193359375,260.7776794433594,9.790435791015625,6.53778076171875,1,-1,-1,-1
413,-1,142.0530242919922,260.61767578125,9.793304443359375,6.92315673828125,1,-1,-1,-1
414,-1,144.79281616210938,260.7598571777344,9.065811157226562,6.527313232421875,1,-1,-1,-1
415,-1,147.2598419189453,260.46783447265625,8.671905517578125,6.599639892578125,1,-1,-1,-1
416,-1,148.66915893554688,260.2499084472656,8.339874267578125,6.710418701171875,1,-1,-1,-1
417,-1,150.1068572998047,259.7818603515625,8.601852416992188,6.700042724609375,1,-1,-1,-1
418,-1,151.6624298095703,258.761962890625,8.413223266601562,7.455352783203125,1,-1,-1,-1
419,-1,151.96084594726562,258.2594299316406,8.7205810546875,7.31048583984375,1,-1,-1,-1
420,-1,153.5661163330078,258.20623779296875,8.62249755859375,7.2236328125,1,-1,-1,-1
421,-1,155.84637451171875,258.0661926269531,7.888885498046875,7.03094482421875,1,-1,-1,-1
422,-1,156.70980834960938,258.1345520019531,7.4537811279296875,6.712646484375,1,-1,-1,-1
427,-1,159.4031219482422,257.5365905761719,7.7820587158203125,6.446563720703125,1,-1,-1,-1
428,-1,159.4000701904297,257.40350341796875,7.8235931396484375,6.44708251953125,1,-1,-1,-1
430,-1,159.08029174804688,255.01382446289062,8.3929443359375,7.4136962890625,1,-1,-1,-1
431,-1,158.68222045898438,255.65904235839844,9.991058349609375,7.2893218994140625,1,-1,-1,-1
432,-1,160.1304473876953,255.65113830566406,9.12823486328125,6.8071746826171875,1,-1,-1,-1
433,-1,161.81503295898438,254.57876586914062,8.669143676757812,7.082183837890625,1,-1,-1,-1
434,-1,162.74783325195312,254.00991821289062,7.716522216796875,7.274261474609375,1,-1,-1,-1
435,-1,164.7500457763672,253.59048461914062,10.200515747070312,7.4130859375,1,-1,-1,-1
436,-1,170.56417846679688,253.16436767578125,9.162322998046875,7.08544921875,1,-1,-1,-1
437,-1,173.43231201171875,252.687744140625,9.070541381835938,7.303863525390625,1,-1,-1,-1
439,-1,185.3148651123047,253.21600341796875,9.177154541015625,6.475372314453125,1,-1,-1,-1
440,-1,188.59918212890625,253.4158172607422,8.290283203125,5.8946380615234375,1,-1,-1,-1
441,-1,194.1163787841797,252.8766632080078,7.5987091064453125,5.4939117431640625,1,-1,-1,-1
442,-1,198.7154083251953,252.31736755371094,7.59844970703125,5.7292938232421875,1,-1,-1,-1
443,-1,200.82505798339844,251.81639099121094,7.554656982421875,5.6553802490234375,1,-1,-1,-1
444,-1,204.3617401123047,251.421142578125,7.5687103271484375,6.577484130859375,1,-1,-1,-1
445,-1,207.67210388183594,251.89927673339844,7.93035888671875,6.2707977294921875,1,-1,-1,-1
446,-1,210.0072021484375,251.75880432128906,7.544189453125,5.9358673095703125,1,-1,-1,-1
447,-1,212.58175659179688,251.58079528808594,7.75177001953125,6.3954010009765625,1,-1,-1,-1
448,-1,215.59967041015625,251.56805419921875,7.89068603515625,6.240936279296875,1,-1,-1,-1
449,-1,216.87998962402344,251.6686553955078,7.826995849609375,5.8491973876953125,1,-1,-1,-1
450,-1,220.54893493652344,251.95816040039062,7.367218017578125,6.214996337890625,1,-1,-1,-1
451,-1,222.79835510253906,252.12828063964844,7.319580078125,6.4883880615234375,1,-1,-1,-1
452,-1,223.43801879882812,251.973388671875,7.8268585205078125,6.53057861328125,1,-1,-1,-1
453,-1,226.94114685058594,252.13047790527344,7.185516357421875,6.5444183349609375,1,-1,-1,-1
454,-1,228.42398071289062,252.02786254882812,7.264739990234375,6.776824951171875,1,-1,-1,-1
455,-1,230.057861328125,252.01930236816406,7.3374481201171875,6.6337432861328125,1,-1,-1,-1
456,-1,232.42483520507812,252.7887420654297,7.569732666015625,6.5157012939453125,1,-1,-1,-1
457,-1,234.4976348876953,252.78350830078125,7.32470703125,6.3814697265625,1,-1,-1,-1
458,-1,235.11500549316406,253.06016540527344,7.27935791015625,6.2650604248046875,1,-1,-1,-1
459,-1,237.28323364257812,253.28250122070312,7.4737548828125,6.47344970703125,1,-1,-1,-1
460,-1,239.2178955078125,253.24647521972656,7.236602783203125,6.6959381103515625,1,-1,-1,-1
461,-1,239.86546325683594,253.43568420410156,7.4730377197265625,6.4431915283203125,1,-1,-1,-1
462,-1,241.54998779296875,253.46636962890625,7.7947540283203125,6.14630126953125,1,-1,-1,-1
463,-1,242.3031005859375,253.44119262695312,8.8094482421875,6.0745849609375,1,-1,-1,-1
464,-1,242.7474822998047,253.42059326171875,8.843215942382812,6.074371337890625,1,-1,-1,-1
465,-1,244.78883361816406,253.6868133544922,9.3179931640625,6.0941009521484375,1,-1,-1,-1
466,-1,248.80201721191406,253.72470092773438,9.485946655273438,6.32000732421875,1,-1,-1,-1
467,-1,251.2240753173828,253.88180541992188,9.480056762695312,6.320343017578125,1,-1,-1,-1
468,-1,255.0124969482422,253.5061798095703,9.725784301757812,6.4954986572265625,1,-1,-1,-1
469,-1,261.2689208984375,253.5542449951172,7.711700439453125,6.6193084716796875,1,-1,-1,-1
470,-1,263.12164306640625,253.32101440429688,7.820709228515625,6.856842041015625,1,-1,-1,-1
471,-1,266.361083984375,253.55091857910156,7.64520263671875,6.2877349853515625,1,-1,-1,-1
472,-1,268.9505615234375,252.92286682128906,7.782623291015625,5.9811553955078125,1,-1,-1,-1
473,-1,270.3158264160156,252.98895263671875,7.872467041015625,6.123809814453125,1,-1,-1,-1
474,-1,273.130126953125,253.08602905273438,8.101287841796875,6.11126708984375,1,-1,-1,-1
475,-1,275.141357421875,252.9728546142578,7.674652099609375,6.4380950927734375,1,-1,-1,-1
476,-1,275.8399353027344,252.7501220703125,7.359710693359375,6.566162109375,1,-1,-1,-1
477,-1,276.5423889160156,253.25833129882812,8.1370849609375,6.195953369140625,1,-1,-1,-1
478,-1,275.75543212890625,253.1357879638672,9.223602294921875,6.3303680419921875,1,-1,-1,-1
479,-1,275.83526611328125,253.12216186523438,9.6312255859375,6.389862060546875,1,-1,-1,-1
480,-1,276.46002197265625,253.4134521484375,9.166168212890625,6.32611083984375,1,-1,-1,-1
481,-1,277.970703125,253.3998565673828,8.39263916015625,6.4977874755859375,1,-1,-1,-1
482,-1,278.082763671875,253.5213623046875,8.73529052734375,6.34564208984375,1,-1,-1,-1
483,-1,279.4495849609375,254.005615234375,7.30084228515625,6.45806884765625,1,-1,-1,-1
484,-1,278.4232482910156,254.3331756591797,7.935333251953125,6.1962432861328125,1,-1,-1,-1
485,-1,279.1474609375,254.46810913085938,8.23876953125,6.654449462890625,1,-1,-1,-1
486,-1,285.2676696777344,251.29832458496094,8.46240234375,6.7033843994140625,1,-1,-1,-1
487,-1,293.3763427734375,248.04356384277344,8.23590087890625,5.836151123046875,1,-1,-1,-1
488,-1,296.6195983886719,247.03765869140625,8.12884521484375,5.82464599609375,1,-1,-1,-1
489,-1,302.76513671875,244.9875030517578,7.8447265625,5.9745025634765625,1,-1,-1,-1
490,-1,308.3033447265625,243.5833740234375,8.216278076171875,5.7862548828125,1,-1,-1,-1
491,-1,311.3504943847656,242.80429077148438,7.8480224609375,5.96466064453125,1,-1,-1,-1
492,-1,316.5670471191406,242.0809326171875,8.604400634765625,5.825164794921875,1,-1,-1,-1
493,-1,321.8846130371094,241.82762145996094,8.56524658203125,5.4755401611328125,1,-1,-1,-1
494,-1,324.0732116699219,240.6388397216797,7.82891845703125,5.7122039794921875,1,-1,-1,-1
495,-1,328.0118408203125,238.61936950683594,7.11102294921875,5.8493194580078125,1,-1,-1,-1
496,-1,331.8204650878906,237.15049743652344,7.489044189453125,5.980926513671875,1,-1,-1,-1
497,-1,333.4914245605469,236.21250915527344,7.64947509765625,5.53643798828125,1,-1,-1,-1
498,-1,337.29205322265625,235.2427978515625,7.073333740234375,5.0370635986328125,1,-1,-1,-1
499,-1,340.6159973144531,234.57347106933594,7.1995849609375,5.1988983154296875,1,-1,-1,-1
500,-1,342.421875,234.3670654296875,7.1302490234375,5.071563720703125,1,-1,-1,-1
501,-1,345.38922119140625,232.880859375,6.94708251953125,5.7835540771484375,1,-1,-1,-1
502,-1,347.37127685546875,231.21923828125,6.934722900390625,5.3325653076171875,1,-1,-1,-1
503,-1,348.67889404296875,230.61941528320312,6.928375244140625,5.3896331787109375,1,-1,-1,-1
504,-1,351.06781005859375,229.3921356201172,6.62261962890625,5.7933807373046875,1,-1,-1,-1
505,-1,353.1115417480469,228.73158264160156,6.921234130859375,5.87237548828125,1,-1,-1,-1
506,-1,354.7081298828125,228.6047821044922,6.380523681640625,5.40252685546875,1,-1,-1,-1
507,-1,355.7055358886719,228.07611083984375,6.76446533203125,5.5378570556640625,1,-1,-1,-1
508,-1,356.9377746582031,226.8007354736328,6.57196044921875,5.7076568603515625,1,-1,-1,-1
509,-1,357.3039245605469,226.4461669921875,6.721649169921875,5.601470947265625,1,-1,-1,-1
510,-1,357.7957458496094,225.6584930419922,7.0457763671875,5.7338104248046875,1,-1,-1,-1
511,-1,358.7098388671875,225.1235809326172,6.682708740234375,5.2604217529296875,1,-1,-1,-1
512,-1,359.4192810058594,224.7974853515625,6.389984130859375,5.104888916015625,1,-1,-1,-1
513,-1,359.8910827636719,224.2932586669922,6.4425048828125,5.3913726806640625,1,-1,-1,-1
514,-1,360.5289611816406,223.12416076660156,6.335601806640625,5.2625885009765625,1,-1,-1,-1
515,-1,360.59747314453125,222.62255859375,6.4251708984375,5.5550537109375,1,-1,-1,-1
516,-1,360.9097900390625,221.9521026611328,6.374969482421875,5.413177490234375,1,-1,-1,-1
517,-1,360.9630126953125,221.01834106445312,6.74871826171875,5.5228271484375,1,-1,-1,-1
518,-1,361.1785888671875,220.7095184326172,6.789337158203125,5.486846923828125,1,-1,-1,-1
519,-1,361.6283264160156,219.74185180664062,6.61151123046875,5.2087249755859375,1,-1,-1,-1
520,-1,361.59326171875,218.43861389160156,6.743408203125,5.2924652099609375,1,-1,-1,-1
521,-1,361.6900939941406,218.1500244140625,6.57012939453125,5.228912353515625,1,-1,-1,-1
522,-1,361.6428527832031,216.87127685546875,6.476776123046875,5.669830322265625,1,-1,-1,-1
523,-1,361.8378601074219,215.92056274414062,6.56231689453125,5.393829345703125,1,-1,-1,-1
524,-1,362.05072021484375,215.41285705566406,6.42803955078125,5.345703125,1,-1,-1,-1
525,-1,362.1639099121094,214.45103454589844,6.36639404296875,5.3680267333984375,1,-1,-1,-1
526,-1,362.2911071777344,213.38894653320312,6.124542236328125,5.2764892578125,1,-1,-1,-1
527,-1,362.21240234375,213.07421875,6.10406494140625,5.317840576171875,1,-1,-1,-1
528,-1,361.7924499511719,212.36651611328125,6.14886474609375,5.19085693359375,1,-1,-1,-1
529,-1,361.34503173828125,211.33653259277344,6.449798583984375,5.2015838623046875,1,-1,-1,-1
530,-1,360.6175842285156,210.86053466796875,6.79986572265625,5.30426025390625,1,-1,-1,-1
531,-1,360.689453125,209.7240753173828,6.3499755859375,5.3613739013671875,1,-1,-1,-1
532,-1,360.72833251953125,208.983154296875,6.35784912109375,5.6402435302734375,1,-1,-1,-1
533,-1,360.7064514160156,208.6958465576172,6.3182373046875,5.6621856689453125,1,-1,-1,-1
534,-1,360.2904357910156,208.1764373779297,6.44757080078125,5.423583984375,1,-1,-1,-1
535,-1,360.2928771972656,208.17831420898438,6.44549560546875,5.4239044189453125,1,-1,-1,-1
536,-1,359.96405029296875,206.90785217285156,6.18341064453125,5.4800262451171875,1,-1,-1,-1
537,-1,359.7669372558594,206.46005249023438,6.4185791015625,5.3343505859375,1,-1,-1,-1
538,-1,359.0573425292969,205.28269958496094,6.41668701171875,5.3795013427734375,1,-1,-1,-1
539,-1,358.4886474609375,204.3536834716797,6.29669189453125,5.4503631591796875,1,-1,-1,-1
540,-1,358.2251281738281,204.17251586914062,6.1444091796875,5.554351806640625,1,-1,-1,-1
541,-1,357.7829895019531,203.98117065429688,6.174224853515625,5.4681243896484375,1,-1,-1,-1
542,-1,356.9776611328125,203.2953338623047,6.215850830078125,5.4381256103515625,1,-1,-1,-1
543,-1,356.819580078125,202.999755859375,6.429656982421875,5.45703125,1,-1,-1,-1
544,-1,356.2121276855469,202.17755126953125,6.253692626953125,5.2849578857421875,1,-1,-1,-1
545,-1,355.9049987792969,201.78456115722656,6.35577392578125,5.216705322265625,1,-1,-1,-1
546,-1,355.6533508300781,201.51031494140625,6.43670654296875,5.3528289794921875,1,-1,-1,-1
547,-1,355.1064758300781,201.09056091308594,6.480194091796875,5.2444610595703125,1,-1,-1,-1
548,-1,354.2711486816406,200.309814453125,6.161773681640625,5.33331298828125,1,-1,-1,-1
549,-1,353.9065856933594,200.1167449951172,6.2977294921875,5.1995391845703125,1,-1,-1,-1
550,-1,352.97467041015625,199.75633239746094,6.260772705078125,5.3112640380859375,1,-1,-1,-1
551,-1,352.07781982421875,198.6970672607422,5.890045166015625,5.518829345703125,1,-1,-1,-1
552,-1,351.6294250488281,198.45968627929688,5.84930419921875,5.49456787109375,1,-1,-1,-1
553,-1,350.79095458984375,198.07870483398438,6.100128173828125,5.41888427734375,1,-1,-1,-1
554,-1,350.1864013671875,197.7269287109375,6.17803955078125,4.969573974609375,1,-1,-1,-1
555,-1,349.7376708984375,197.42300415039062,6.046630859375,4.988983154296875,1,-1,-1,-1
556,-1,348.821044921875,196.58900451660156,5.807098388671875,4.943756103515625,1,-1,-1,-1
557,-1,347.57879638671875,196.30650329589844,6.41864013671875,5.0424957275390625,1,-1,-1,-1
558,-1,347.3139953613281,196.18182373046875,6.552886962890625,5.0807952880859375,1,-1,-1,-1
559,-1,346.2479553222656,195.5529327392578,6.283782958984375,4.89068603515625,1,-1,-1,-1
560,-1,344.0235290527344,194.7539520263672,6.173187255859375,5.1501617431640625,1,-1,-1,-1
561,-1,343.3598937988281,194.8463592529297,6.3438720703125,5.00018310546875,1,-1,-1,-1
562,-1,342.03369140625,194.23146057128906,6.222198486328125,5.628662109375,1,-1,-1,-1
563,-1,340.42041015625,194.18019104003906,6.796661376953125,5.479339599609375,1,-1,-1,-1
564,-1,340.175537109375,194.33450317382812,6.64678955078125,5.4755096435546875,1,-1,-1,-1
565,-1,338.48980712890625,193.88140869140625,6.650299072265625,5.4178619384765625,1,-1,-1,-1
566,-1,337.1338806152344,193.4058837890625,6.487396240234375,5.482025146484375,1,-1,-1,-1
567,-1,336.49334716796875,193.23928833007812,6.469207763671875,5.4691314697265625,1,-1,-1,-1
568,-1,335.2196044921875,192.60467529296875,6.15972900390625,5.5555419921875,1,-1,-1,-1
569,-1,333.6453552246094,192.3006591796875,5.996185302734375,5.3885345458984375,1,-1,-1,-1
570,-1,332.8282165527344,192.14187622070312,6.053955078125,5.3162384033203125,1,-1,-1,-1
571,-1,330.6918029785156,191.7827606201172,6.382415771484375,5.219085693359375,1,-1,-1,-1
572,-1,328.8661804199219,190.94833374023438,6.922607421875,5.291351318359375,1,-1,-1,-1
573,-1,326.839111328125,190.508544921875,7.77459716796875,5.6703948974609375,1,-1,-1,-1
574,-1,324.8471984863281,190.1732940673828,7.959197998046875,5.5941314697265625,1,-1,-1,-1
575,-1,323.1114501953125,189.28759765625,7.988800048828125,5.7100830078125,1,-1,-1,-1
576,-1,322.92083740234375,189.0653533935547,8.18243408203125,5.8224029541015625,1,-1,-1,-1
577,-1,323.5010681152344,189.71725463867188,8.763153076171875,5.3255615234375,1,-1,-1,-1
578,-1,324.28057861328125,189.60890197753906,7.854827880859375,5.2591552734375,1,-1,-1,-1
579,-1,324.93896484375,189.67642211914062,7.188232421875,5.32293701171875,1,-1,-1,-1
580,-1,326.3466491699219,189.74632263183594,6.75732421875,5.490386962890625,1,-1,-1,-1
581,-1,327.4844665527344,189.635009765625,6.54913330078125,5.551300048828125,1,-1,-1,-1
582,-1,327.68988037109375,189.1842041015625,6.510955810546875,5.662811279296875,1,-1,-1,-1
583,-1,327.8687438964844,188.92855834960938,6.495758056640625,5.5914764404296875,1,-1,-1,-1
584,-1,327.35394287109375,188.90187072753906,6.81805419921875,5.730255126953125,1,-1,-1,-1
585,-1,327.2873840332031,188.64930725097656,6.745697021484375,5.907257080078125,1,-1,-1,-1
586,-1,327.4845886230469,188.68394470214844,6.525390625,5.5676116943359375,1,-1,-1,-1
587,-1,327.4610900878906,188.79995727539062,6.5308837890625,5.622406005859375,1,-1,-1,-1
588,-1,327.4874267578125,188.62901306152344,6.562469482421875,5.7269134521484375,1,-1,-1,-1
589,-1,327.0751953125,188.20462036132812,6.693023681640625,5.8392181396484375,1,-1,-1,-1
590,-1,326.0675354003906,188.5013885498047,6.97882080078125,5.671173095703125,1,-1,-1,-1
591,-1,326.31561279296875,188.49534606933594,6.768463134765625,5.6280975341796875,1,-1,-1,-1
592,-1,325.0504455566406,188.35919189453125,7.60498046875,5.826507568359375,1,-1,-1,-1
593,-1,323.6817932128906,188.00900268554688,7.30047607421875,6.030487060546875,1,-1,-1,-1
594,-1,323.5155334472656,187.67213439941406,7.21221923828125,6.09100341796875,1,-1,-1,-1
595,-1,322.2715759277344,187.51861572265625,7.827606201171875,5.8968505859375,1,-1,-1,-1
596,-1,322.6990966796875,186.93873596191406,7.045440673828125,6.182037353515625,1,-1,-1,-1
597,-1,322.23760986328125,187.0941162109375,7.13128662109375,6.123931884765625,1,-1,-1,-1
598,-1,321.23455810546875,187.5479278564453,7.30804443359375,5.8869171142578125,1,-1,-1,-1
600,-1,320.10107421875,187.46902465820312,9.569061279296875,5.8052215576171875,1,-1,-1,-1
601,-1,331.19061279296875,188.07606506347656,8.10711669921875,4.8187408447265625,1,-1,-1,-1
602,-1,340.50396728515625,186.99725341796875,8.176483154296875,5.2381744384765625,1,-1,-1,-1
603,-1,345.5610046386719,186.69871520996094,7.77911376953125,5.2947235107421875,1,-1,-1,-1
604,-1,354.74298095703125,186.4280242919922,7.45135498046875,4.9696197509765625,1,-1,-1,-1
605,-1,364.0335388183594,186.2195587158203,8.633026123046875,5.10418701171875,1,-1,-1,-1
606,-1,369.4657897949219,186.36630249023438,7.272796630859375,4.9353485107421875,1,-1,-1,-1
607,-1,377.69970703125,185.93968200683594,7.978851318359375,4.9391632080078125,1,-1,-1,-1
608,-1,385.3939514160156,185.0169677734375,8.59228515625,5.30230712890625,1,-1,-1,-1
609,-1,390.01519775390625,185.28135681152344,8.28070068359375,5.3182830810546875,1,-1,-1,-1
610,-1,398.58868408203125,185.650634765625,7.486236572265625,4.8397979736328125,1,-1,-1,-1
611,-1,406.23333740234375,185.5281219482422,7.356201171875,5.19659423828125,1,-1,-1,-1
612,-1,409.7906799316406,185.36203002929688,7.430633544921875,5.0416717529296875,1,-1,-1,-1
613,-1,416.5981140136719,184.75375366210938,7.46246337890625,5.0588226318359375,1,-1,-1,-1
614,-1,423.67449951171875,184.09530639648438,7.504364013671875,5.3649139404296875,1,-1,-1,-1
615,-1,427.2358093261719,184.18594360351562,7.086883544921875,5.19525146484375,1,-1,-1,-1
616,-1,433.3542175292969,184.37049865722656,7.647216796875,5.4791717529296875,1,-1,-1,-1
617,-1,439.3957214355469,184.27261352539062,7.29144287109375,5.03167724609375,1,-1,-1,-1
618,-1,442.1210632324219,184.10162353515625,7.0155029296875,4.8704071044921875,1,-1,-1,-1
619,-1,448.0325927734375,183.2324676513672,8.051544189453125,5.70965576171875,1,-1,-1,-1
620,-1,452.17425537109375,182.7910919189453,6.53741455078125,5.7003021240234375,1,-1,-1,-1
624,-1,468.6632995605469,182.74462890625,6.857025146484375,5.47802734375,1,-1,-1,-1
625,-1,472.4373474121094,182.98916625976562,7.059661865234375,5.1268157958984375,1,-1,-1,-1
626,-1,477.23272705078125,182.9045867919922,7.146636962890625,5.3388671875,1,-1,-1,-1
627,-1,479.53955078125,183.0360107421875,7.0711669921875,5.48638916015625,1,-1,-1,-1
628,-1,484.3279113769531,183.32037353515625,7.156982421875,5.918975830078125,1,-1,-1,-1
629,-1,488.45654296875,183.12515258789062,7.650177001953125,6.40283203125,1,-1,-1,-1
630,-1,489.04541015625,183.4169921875,8.490936279296875,6.7613677978515625,1,-1,-1,-1
631,-1,472.7655029296875,183.63104248046875,8.865020751953125,5.7587738037109375,1,-1,-1,-1
632,-1,458.0227966308594,183.67633056640625,8.86053466796875,5.3061981201171875,1,-1,-1,-1
637,-1,403.34014892578125,184.20648193359375,8.059600830078125,4.8050537109375,1,-1,-1,-1
638,-1,390.582275390625,184.1421356201172,9.107086181640625,4.9830474853515625,1,-1,-1,-1
639,-1,384.94390869140625,184.01097106933594,9.102630615234375,4.9750823974609375,1,-1,-1,-1
640,-1,373.9210205078125,183.8346710205078,8.26544189453125,4.6409759521484375,1,-1,-1,-1
641,-1,364.3453674316406,183.7616729736328,8.561309814453125,4.45733642578125,1,-1,-1,-1
642,-1,359.49383544921875,183.16241455078125,8.275848388671875,4.795074462890625,1,-1,-1,-1
643,-1,350.82958984375,183.13949584960938,7.492218017578125,4.7844085693359375,1,-1,-1,-1
644,-1,341.8272399902344,182.8723602294922,8.312713623046875,4.89324951171875,1,-1,-1,-1
645,-1,338.12255859375,182.84519958496094,7.65301513671875,4.832122802734375,1,-1,-1,-1
646,-1,330.91412353515625,182.50364685058594,6.70953369140625,5.3497467041015625,1,-1,-1,-1
647,-1,323.029052734375,182.45162963867188,7.33551025390625,5.5055999755859375,1,-1,-1,-1
648,-1,319.5949401855469,182.45513916015625,7.904144287109375,5.2842254638671875,1,-1,-1,-1
649,-1,312.5318908691406,182.44189453125,7.36187744140625,5.3291778564453125,1,-1,-1,-1
650,-1,305.6257019042969,182.7935028076172,7.771148681640625,5.5176544189453125,1,-1,-1,-1
651,-1,302.36370849609375,182.96543884277344,8.048828125,5.3650970458984375,1,-1,-1,-1
652,-1,296.7138366699219,183.187744140625,7.204620361328125,5.0654449462890625,1,-1,-1,-1
653,-1,291.2848205566406,183.06948852539062,6.938507080078125,5.2662353515625,1,-1,-1,-1
654,-1,288.1785888671875,182.58642578125,7.43951416015625,5.4938812255859375,1,-1,-1,-1
655,-1,283.0672607421875,182.58221435546875,7.0413818359375,5.6848602294921875,1,-1,-1,-1
656,-1,282.03521728515625,181.69070434570312,7.388275146484375,6.2210693359375,1,-1,-1,-1
657,-1,283.9837646484375,181.06158447265625,7.1466064453125,6.8475189208984375,1,-1,-1,-1
658,-1,288.24334716796875,179.56533813476562,7.289154052734375,6.503875732421875,1,-1,-1,-1
659,-1,291.3783264160156,177.67799377441406,7.11181640625,6.3609771728515625,1,-1,-1,-1
660,-1,292.7142639160156,177.162109375,7.13970947265625,6.45538330078125,1,-1,-1,-1
661,-1,294.93255615234375,175.89891052246094,7.45257568359375,6.0559234619140625,1,-1,-1,-1
662,-1,297.2530517578125,175.44406127929688,7.56689453125,5.5557403564453125,1,-1,-1,-1
663,-1,298.1484375,175.27865600585938,7.79351806640625,5.64105224609375,1,-1,-1,-1
664,-1,300.96612548828125,174.9492950439453,7.250732421875,5.4549102783203125,1,-1,-1,-1
665,-1,303.2126770019531,174.69705200195312,6.6484375,5.5048980712890625,1,-1,-1,-1
666,-1,304.2557678222656,174.79234313964844,6.581787109375,5.5421600341796875,1,-1,-1,-1
667,-1,305.704345703125,174.3333740234375,6.860565185546875,5.68896484375,1,-1,-1,-1
668,-1,307.93780517578125,173.35171508789062,6.461639404296875,5.2599945068359375,1,-1,-1,-1
669,-1,308.5233459472656,172.51284790039062,6.635467529296875,5.436431884765625,1,-1,-1,-1
670,-1,310.239501953125,171.5434112548828,6.50152587890625,5.4252166748046875,1,-1,-1,-1
671,-1,311.8432922363281,170.37698364257812,6.48931884765625,5.652435302734375,1,-1,-1,-1
672,-1,312.1397399902344,170.2058868408203,6.68975830078125,5.4091949462890625,1,-1,-1,-1
673,-1,313.8595886230469,170.1959686279297,6.44036865234375,5.46575927734375,1,-1,-1,-1
674,-1,315.72015380859375,170.42140197753906,6.1624755859375,5.4406280517578125,1,-1,-1,-1
675,-1,316.23883056640625,170.4593505859375,6.084136962890625,5.37628173828125,1,-1,-1,-1
676,-1,317.3442077636719,170.0665283203125,6.566864013671875,4.9247894287109375,1,-1,-1,-1
677,-1,318.4222106933594,169.00051879882812,6.816864013671875,5.28802490234375,1,-1,-1,-1
678,-1,318.67529296875,168.64572143554688,6.618621826171875,5.11083984375,1,-1,-1,-1
679,-1,320.7384338378906,168.28738403320312,6.1826171875,5.35302734375,1,-1,-1,-1
680,-1,321.73675537109375,168.2597198486328,6.20428466796875,5.128814697265625,1,-1,-1,-1
681,-1,322.369384765625,168.1106719970703,6.239501953125,5.0618438720703125,1,-1,-1,-1
682,-1,323.6795654296875,168.44532775878906,6.13616943359375,4.9692840576171875,1,-1,-1,-1
683,-1,325.51629638671875,167.7220001220703,6.526153564453125,5.1905059814453125,1,-1,-1,-1
684,-1,326.249755859375,167.24276733398438,6.42449951171875,5.1098785400390625,1,-1,-1,-1
685,-1,327.9379577636719,166.65309143066406,5.955474853515625,5.56951904296875,1,-1,-1,-1
686,-1,329.3958740234375,167.00448608398438,6.070465087890625,5.466094970703125,1,-1,-1,-1
687,-1,330.244384765625,166.94703674316406,5.889068603515625,5.5028076171875,1,-1,-1,-1
688,-1,331.5592346191406,166.76455688476562,6.3699951171875,5.4223785400390625,1,-1,-1,-1
689,-1,332.9342346191406,166.33839416503906,6.762725830078125,5.3176116943359375,1,-1,-1,-1
690,-1,334.15631103515625,165.64495849609375,6.0101318359375,5.3350067138671875,1,-1,-1,-1
691,-1,336.03729248046875,165.2860565185547,5.849212646484375,5.1669464111328125,1,-1,-1,-1
692,-1,337.16741943359375,165.89053344726562,6.602874755859375,4.87933349609375,1,-1,-1,-1
693,-1,337.7769775390625,166.14273071289062,6.3624267578125,4.765289306640625,1,-1,-1,-1
694,-1,338.9316711425781,166.24868774414062,5.949127197265625,5.1726531982421875,1,-1,-1,-1
695,-1,340.04901123046875,166.0470733642578,6.60931396484375,5.3523406982421875,1,-1,-1,-1
696,-1,340.6607666015625,165.66241455078125,6.7705078125,5.5756683349609375,1,-1,-1,-1
697,-1,340.97216796875,164.9548797607422,5.999267578125,5.8476104736328125,1,-1,-1,-1
698,-1,339.8175964355469,166.2325439453125,6.411468505859375,5.8102569580078125,1,-1,-1,-1
699,-1,338.947998046875,166.96533203125,7.29302978515625,5.7332916259765625,1,-1,-1,-1
700,-1,337.6018981933594,168.1064910888672,7.17340087890625,5.5861358642578125,1,-1,-1,-1
701,-1,335.52496337890625,169.78604125976562,6.503448486328125,5.1519622802734375,1,-1,-1,-1
702,-1,333.49078369140625,171.06724548339844,6.00689697265625,4.556976318359375,1,-1,-1,-1
703,-1,331.9693603515625,172.9004669189453,6.323333740234375,4.8800201416015625,1,-1,-1,-1
704,-1,330.32086181640625,174.7250518798828,6.05535888671875,5.223480224609375,1,-1,-1,-1
705,-1,329.766845703125,175.35464477539062,6.085113525390625,5.3307647705078125,1,-1,-1,-1
706,-1,328.6505432128906,176.06057739257812,5.8565673828125,5.301300048828125,1,-1,-1,-1
707,-1,327.5937194824219,177.11817932128906,6.0584716796875,5.121856689453125,1,-1,-1,-1
708,-1,327.00982666015625,177.7547149658203,6.303924560546875,5.0941925048828125,1,-1,-1,-1
709,-1,324.7045593261719,178.8233642578125,6.74578857421875,5.1514739990234375,1,-1,-1,-1
710,-1,323.7337646484375,180.05264282226562,6.8773193359375,5.203948974609375,1,-1,-1,-1
711,-1,323.5306091308594,181.0369110107422,6.38409423828125,5.3787994384765625,1,-1,-1,-1
712,-1,322.056640625,182.39901733398438,6.507965087890625,5.3824310302734375,1,-1,-1,-1
713,-1,321.4064025878906,182.79855346679688,6.47637939453125,5.5766448974609375,1,-1,-1,-1
714,-1,321.0430908203125,183.00064086914062,6.395233154296875,5.47198486328125,1,-1,-1,-1
715,-1,319.86651611328125,184.3531036376953,6.399627685546875,5.2284393310546875,1,-1,-1,-1
716,-1,318.9224853515625,185.06021118164062,6.525390625,5.0762481689453125,1,-1,-1,-1
717,-1,318.51922607421875,185.42791748046875,6.71612548828125,5.245635986328125,1,-1,-1,-1
718,-1,317.7171325683594,186.60472106933594,6.116668701171875,5.2263031005859375,1,-1,-1,-1
719,-1,316.5824279785156,187.09133911132812,7.041595458984375,5.272216796875,1,-1,-1,-1
720,-1,316.16326904296875,187.29714965820312,6.91357421875,5.38067626953125,1,-1,-1,-1
721,-1,315.280517578125,188.29452514648438,6.715728759765625,5.28668212890625,1,-1,-1,-1
722,-1,313.9446716308594,189.1858367919922,6.85516357421875,5.5159454345703125,1,-1,-1,-1
723,-1,313.7246398925781,189.4213104248047,6.716522216796875,5.553955078125,1,-1,-1,-1
724,-1,311.9853515625,190.4310760498047,6.920654296875,5.4710235595703125,1,-1,-1,-1
725,-1,311.0591735839844,191.3470458984375,6.761077880859375,5.21563720703125,1,-1,-1,-1
726,-1,310.3976745605469,191.6645050048828,6.7877197265625,5.1157684326171875,1,-1,-1,-1
727,-1,309.4360656738281,192.4790496826172,6.229278564453125,5.123809814453125,1,-1,-1,-1
728,-1,307.64617919921875,192.8683624267578,6.658935546875,5.197540283203125,1,-1,-1,-1
729,-1,306.63470458984375,193.1234130859375,6.9637451171875,5.4631805419921875,1,-1,-1,-1
730,-1,302.6487121582031,193.81832885742188,8.8392333984375,5.399688720703125,1,-1,-1,-1
731,-1,302.16986083984375,194.34750366210938,8.117584228515625,5.615447998046875,1,-1,-1,-1
732,-1,301.0682678222656,194.40931701660156,8.197418212890625,5.796173095703125,1,-1,-1,-1
733,-1,300.9790954589844,194.91378784179688,7.33026123046875,5.48712158203125,1,-1,-1,-1
734,-1,300.057861328125,195.02928161621094,7.08148193359375,5.772857666015625,1,-1,-1,-1
735,-1,299.8138427734375,195.27842712402344,7.09039306640625,5.9474945068359375,1,-1,-1,-1
736,-1,299.4338684082031,195.80831909179688,7.313018798828125,5.88726806640625,1,-1,-1,-1
737,-1,299.8489990234375,195.75885009765625,7.15869140625,6.0321197509765625,1,-1,-1,-1
738,-1,300.0337829589844,195.9584503173828,7.00872802734375,5.8877410888671875,1,-1,-1,-1
739,-1,299.9537048339844,195.98004150390625,6.87542724609375,5.7338409423828125,1,-1,-1,-1
740,-1,298.7582092285156,196.313720703125,7.2152099609375,5.2869110107421875,1,-1,-1,-1
741,-1,298.6092834472656,196.5688018798828,7.198822021484375,5.336151123046875,1,-1,-1,-1
742,-1,298.4512939453125,196.66537475585938,6.79315185546875,5.2158203125,1,-1,-1,-1
743,-1,297.04852294921875,196.9626922607422,7.793914794921875,5.750457763671875,1,-1,-1,-1
744,-1,295.31463623046875,197.3085479736328,8.4251708984375,5.667510986328125,1,-1,-1,-1
746,-1,294.1078186035156,198.9824981689453,8.1422119140625,5.5709075927734375,1,-1,-1,-1
747,-1,294.3467102050781,199.43096923828125,7.644775390625,5.5362548828125,1,-1,-1,-1
748,-1,293.9575500488281,199.77578735351562,7.761627197265625,5.738037109375,1,-1,-1,-1
749,-1,293.9988708496094,199.89218139648438,7.5528564453125,5.7259063720703125,1,-1,-1,-1
750,-1,293.90521240234375,199.954833984375,7.409912109375,6.0482940673828125,1,-1,-1,-1
751,-1,294.02117919921875,200.51980590820312,6.9576416015625,5.748016357421875,1,-1,-1,-1
752,-1,294.2897644042969,201.46511840820312,6.46209716796875,5.70404052734375,1,-1,-1,-1
753,-1,293.9636535644531,201.7788848876953,6.554351806640625,5.7357177734375,1,-1,-1,-1
754,-1,293.41790771484375,202.03981018066406,6.768585205078125,5.8489532470703125,1,-1,-1,-1
755,-1,293.05853271484375,202.69671630859375,7.074859619140625,5.798187255859375,1,-1,-1,-1
756,-1,293.25823974609375,202.9732666015625,6.880615234375,5.75189208984375,1,-1,-1,-1
757,-1,293.0127868652344,203.0107879638672,6.737640380859375,5.6341552734375,1,-1,-1,-1
765,-1,293.08721923828125,202.59788513183594,6.149139404296875,5.871795654296875,1,-1,-1,-1
766,-1,293.21026611328125,202.63255310058594,6.01220703125,5.6288604736328125,1,-1,-1,-1
767,-1,293.1272888183594,202.29750061035156,5.938385009765625,5.81500244140625,1,-1,-1,-1
768,-1,293.473388671875,202.2029571533203,5.664276123046875,5.844573974609375,1,-1,-1,-1
769,-1,292.1593017578125,202.254638671875,6.506317138671875,5.978912353515625,1,-1,-1,-1
770,-1,292.46136474609375,202.07928466796875,6.313720703125,5.873016357421875,1,-1,-1,-1
771,-1,292.7059326171875,202.12322998046875,6.478668212890625,5.985260009765625,1,-1,-1,-1
772,-1,292.93548583984375,202.31834411621094,6.470428466796875,5.879547119140625,1,-1,-1,-1
773,-1,292.5753479003906,202.40545654296875,6.299652099609375,5.6374969482421875,1,-1,-1,-1
774,-1,292.30609130859375,202.61099243164062,6.34234619140625,5.6268310546875,1,-1,-1,-1
775,-1,291.3836975097656,201.88377380371094,7.329376220703125,6.0142822265625,1,-1,-1,-1
776,-1,291.517822265625,201.6674041748047,6.967864990234375,5.9882049560546875,1,-1,-1,-1
777,-1,291.4261779785156,201.63583374023438,7.055816650390625,6.0898590087890625,1,-1,-1,-1
778,-1,291.32183837890625,201.88668823242188,6.85711669921875,5.928863525390625,1,-1,-1,-1
779,-1,291.402099609375,200.7481231689453,7.3912353515625,6.3691253662109375,1,-1,-1,-1
782,-1,292.8143005371094,201.64990234375,6.622467041015625,5.6416015625,1,-1,-1,-1
783,-1,292.2663879394531,201.98606872558594,7.140716552734375,5.55816650390625,1,-1,-1,-1
784,-1,291.6777038574219,201.83932495117188,7.196502685546875,5.8564300537109375,1,-1,-1,-1
785,-1,290.6678771972656,201.5289306640625,7.346923828125,6.1200103759765625,1,-1,-1,-1
786,-1,289.6158447265625,200.72605895996094,8.105682373046875,6.792449951171875,1,-1,-1,-1
789,-1,313.256591796875,197.7686767578125,9.41143798828125,6.307098388671875,1,-1,-1,-1
790,-1,327.6480407714844,194.4768524169922,9.635894775390625,5.5148468017578125,1,-1,-1,-1
791,-1,340.6000061035156,191.47323608398438,10.745269775390625,6.150787353515625,1,-1,-1,-1
792,-1,347.9126281738281,189.52825927734375,10.200836181640625,6.0202789306640625,1,-1,-1,-1
803,-1,441.4111022949219,152.87437438964844,8.131805419921875,5.6544952392578125,1,-1,-1,-1
805,-1,451.4866027832031,146.43414306640625,7.919921875,5.7480316162109375,1,-1,-1,-1
806,-1,456.876708984375,142.02816772460938,7.685638427734375,5.6100921630859375,1,-1,-1,-1
807,-1,458.7021789550781,139.57814025878906,8.207672119140625,6.3522186279296875,1,-1,-1,-1
808,-1,463.57965087890625,135.2616424560547,8.061614990234375,6.0623016357421875,1,-1,-1,-1
