1,-1,610.1576538085938,483.56805419921875,12.85308837890625,10.714935302734375,1,-1,-1,-1
2,-1,610.1576538085938,483.56805419921875,12.85308837890625,10.714935302734375,1,-1,-1,-1
3,-1,610.1109619140625,483.50592041015625,13.022705078125,10.77984619140625,1,-1,-1,-1
4,-1,610.1256713867188,483.4534606933594,13.1429443359375,10.7437744140625,1,-1,-1,-1
5,-1,610.1563110351562,483.4200439453125,13.1634521484375,10.70086669921875,1,-1,-1,-1
6,-1,610.154541015625,483.33587646484375,13.0025634765625,10.666473388671875,1,-1,-1,-1
7,-1,609.9794921875,483.50677490234375,12.97930908203125,10.5595703125,1,-1,-1,-1
8,-1,610.0609130859375,483.4106140136719,12.888427734375,10.622955322265625,1,-1,-1,-1
9,-1,610.1461181640625,483.56805419921875,12.802001953125,10.7049560546875,1,-1,-1,-1
10,-1,610.296630859375,483.4299621582031,12.7220458984375,10.674591064453125,1,-1,-1,-1
11,-1,610.1676635742188,483.34228515625,12.96282958984375,10.709228515625,1,-1,-1,-1
12,-1,610.1724853515625,483.3550720214844,12.85858154296875,10.680694580078125,1,-1,-1,-1
13,-1,610.1646728515625,483.3767395019531,12.9901123046875,10.61492919921875,1,-1,-1,-1
14,-1,610.3397216796875,483.2315368652344,12.91009521484375,10.5166015625,1,-1,-1,-1
15,-1,610.4330444335938,483.098876953125,12.92266845703125,10.38787841796875,1,-1,-1,-1
16,-1,610.2742309570312,483.0562744140625,13.0203857421875,10.41839599609375,1,-1,-1,-1
17,-1,610.2283325195312,483.13153076171875,13.1099853515625,10.4185791015625,1,-1,-1,-1
18,-1,610.1666259765625,483.0697021484375,13.23809814453125,10.390380859375,1,-1,-1,-1
19,-1,609.9928588867188,483.11041259765625,13.21807861328125,10.486358642578125,1,-1,-1,-1
20,-1,610.0119018554688,482.98687744140625,13.1639404296875,10.50445556640625,1,-1,-1,-1
21,-1,609.6884155273438,483.0810546875,13.34356689453125,10.315643310546875,1,-1,-1,-1
22,-1,609.82666015625,483.0587158203125,13.37664794921875,10.280303955078125,1,-1,-1,-1
23,-1,609.9569091796875,483.087646484375,13.474853515625,10.143280029296875,1,-1,-1,-1
24,-1,610.0452880859375,483.0696716308594,13.36236572265625,10.260284423828125,1,-1,-1,-1
25,-1,610.032470703125,483.02679443359375,13.43890380859375,10.351318359375,1,-1,-1,-1
26,-1,610.2039794921875,482.9828796386719,13.23785400390625,10.350494384765625,1,-1,-1,-1
27,-1,609.8096923828125,483.179931640625,13.64697265625,10.33148193359375,1,-1,-1,-1
28,-1,609.9908447265625,483.0665588378906,13.46636962890625,10.406951904296875,1,-1,-1,-1
29,-1,609.8672485351562,483.03314208984375,13.79412841796875,10.18463134765625,1,-1,-1,-1
30,-1,609.7117309570312,482.9850158691406,13.712646484375,10.064666748046875,1,-1,-1,-1
31,-1,609.6637573242188,483.01287841796875,13.6644287109375,10.083770751953125,1,-1,-1,-1
32,-1,609.6201782226562,483.017822265625,13.9488525390625,10.042755126953125,1,-1,-1,-1
33,-1,609.5845947265625,483.052001953125,13.99432373046875,10.162750244140625,1,-1,-1,-1
34,-1,606.531005859375,478.00238037109375,20.0,20.0,1,-1,-1,-1
35,-1,603.7821655273438,479.44976806640625,20.0,20.0,1,-1,-1,-1
36,-1,609.2645263671875,483.2132263183594,13.71343994140625,10.412506103515625,1,-1,-1,-1
37,-1,609.456787109375,483.1162109375,13.8388671875,10.475341796875,1,-1,-1,-1
38,-1,609.4712524414062,483.0197448730469,14.0548095703125,10.265869140625,1,-1,-1,-1
39,-1,609.2941284179688,483.1205749511719,13.85296630859375,10.381195068359375,1,-1,-1,-1
40,-1,609.177978515625,483.2224426269531,13.59716796875,10.359100341796875,1,-1,-1,-1
41,-1,609.08056640625,483.22808837890625,13.496826171875,10.30926513671875,1,-1,-1,-1
42,-1,608.9254760742188,483.20281982421875,13.61480712890625,10.322540283203125,1,-1,-1,-1
43,-1,608.9188842773438,483.1099853515625,13.6488037109375,10.28289794921875,1,-1,-1,-1
44,-1,608.8594360351562,483.2681884765625,13.608642578125,10.4349365234375,1,-1,-1,-1
45,-1,609.044921875,483.3047790527344,13.45172119140625,10.514251708984375,1,-1,-1,-1
46,-1,609.0686645507812,483.3704833984375,13.3919677734375,10.446319580078125,1,-1,-1,-1
47,-1,608.9121704101562,483.4502258300781,13.19891357421875,10.324981689453125,1,-1,-1,-1
48,-1,608.6795654296875,483.7105712890625,12.8280029296875,10.355560302734375,1,-1,-1,-1
49,-1,608.6699829101562,483.7272644042969,12.85687255859375,10.3045654296875,1,-1,-1,-1
50,-1,608.7100830078125,483.6625671386719,12.81085205078125,10.26568603515625,1,-1,-1,-1
51,-1,608.51953125,483.65887451171875,12.99224853515625,10.329803466796875,1,-1,-1,-1
52,-1,608.3018188476562,483.6203918457031,12.626708984375,10.553131103515625,1,-1,-1,-1
53,-1,608.2431030273438,483.65167236328125,12.77264404296875,10.402862548828125,1,-1,-1,-1
54,-1,608.174072265625,483.60809326171875,12.73236083984375,10.553955078125,1,-1,-1,-1
55,-1,608.06787109375,483.5355529785156,12.91680908203125,10.63494873046875,1,-1,-1,-1
56,-1,607.847412109375,483.580078125,12.660888671875,10.74578857421875,1,-1,-1,-1
57,-1,607.6182861328125,483.7208557128906,12.91839599609375,10.66436767578125,1,-1,-1,-1
58,-1,607.85009765625,483.7217102050781,12.72088623046875,10.62860107421875,1,-1,-1,-1
59,-1,607.7186889648438,483.71990966796875,12.70648193359375,10.5684814453125,1,-1,-1,-1
60,-1,607.64306640625,483.7701110839844,12.80694580078125,10.59661865234375,1,-1,-1,-1
61,-1,607.7161865234375,483.76483154296875,12.859375,10.651153564453125,1,-1,-1,-1
62,-1,607.4462890625,483.8672180175781,13.00250244140625,10.83282470703125,1,-1,-1,-1
63,-1,607.4028930664062,483.9720764160156,12.97247314453125,10.875244140625,1,-1,-1,-1
64,-1,607.8712158203125,483.82806396484375,12.4559326171875,10.90667724609375,1,-1,-1,-1
65,-1,607.7189331054688,483.8522033691406,12.58013916015625,10.843963623046875,1,-1,-1,-1
66,-1,607.7688598632812,483.8314514160156,12.56195068359375,10.68438720703125,1,-1,-1,-1
67,-1,607.3117065429688,483.9425964355469,12.83612060546875,10.7740478515625,1,-1,-1,-1
68,-1,607.020751953125,484.1809997558594,12.735595703125,10.7529296875,1,-1,-1,-1
69,-1,606.7831420898438,484.410888671875,12.8779296875,10.69549560546875,1,-1,-1,-1
70,-1,606.8554077148438,484.3845520019531,12.7574462890625,10.544219970703125,1,-1,-1,-1
71,-1,606.4977416992188,484.4520263671875,12.89105224609375,10.62652587890625,1,-1,-1,-1
72,-1,605.9434814453125,484.4898986816406,13.09100341796875,10.79296875,1,-1,-1,-1
73,-1,605.4497680664062,484.5245056152344,13.09307861328125,10.69073486328125,1,-1,-1,-1
74,-1,605.3689575195312,484.75799560546875,13.1590576171875,10.5665283203125,1,-1,-1,-1
75,-1,605.565185546875,485.174560546875,13.24884033203125,10.5384521484375,1,-1,-1,-1
76,-1,605.6488037109375,485.57305908203125,13.491455078125,10.43505859375,1,-1,-1,-1
77,-1,605.667724609375,485.5591735839844,13.34002685546875,10.421478271484375,1,-1,-1,-1
78,-1,605.992919921875,485.3885498046875,13.24127197265625,10.358062744140625,1,-1,-1,-1
79,-1,605.9583740234375,485.4295349121094,13.2919921875,10.433837890625,1,-1,-1,-1
80,-1,605.9676513671875,485.4123840332031,13.10882568359375,10.395660400390625,1,-1,-1,-1
81,-1,606.20263671875,484.8202209472656,12.93206787109375,10.441619873046875,1,-1,-1,-1
82,-1,606.2540283203125,484.42877197265625,13.168701171875,10.49725341796875,1,-1,-1,-1
83,-1,605.618896484375,484.5729064941406,13.24847412109375,10.67864990234375,1,-1,-1,-1
84,-1,605.5390625,484.90899658203125,13.18115234375,10.53619384765625,1,-1,-1,-1
85,-1,605.6182861328125,484.8371887207031,12.92279052734375,10.600616455078125,1,-1,-1,-1
86,-1,605.8539428710938,484.5605773925781,13.0787353515625,10.524993896484375,1,-1,-1,-1
87,-1,605.9592895507812,484.6544494628906,13.17132568359375,10.6337890625,1,-1,-1,-1
88,-1,606.3270263671875,484.7139892578125,12.83172607421875,10.74627685546875,1,-1,-1,-1
89,-1,606.3010864257812,484.649658203125,13.13446044921875,10.69146728515625,1,-1,-1,-1
90,-1,606.158203125,484.7067565917969,13.0367431640625,10.489898681640625,1,-1,-1,-1
91,-1,606.11181640625,484.63372802734375,13.18463134765625,10.6798095703125,1,-1,-1,-1
92,-1,606.4671020507812,484.6984558105469,13.04925537109375,10.723907470703125,1,-1,-1,-1
93,-1,606.6973876953125,484.6482849121094,12.98077392578125,10.490478515625,1,-1,-1,-1
94,-1,606.3841552734375,484.4595642089844,12.92999267578125,10.559112548828125,1,-1,-1,-1
95,-1,606.5724487304688,484.4815673828125,12.8189697265625,10.7332763671875,1,-1,-1,-1
96,-1,606.8197631835938,484.2604064941406,12.73638916015625,10.587493896484375,1,-1,-1,-1
97,-1,606.5457763671875,484.3247985839844,12.7882080078125,10.75048828125,1,-1,-1,-1
98,-1,606.8734741210938,484.32177734375,12.71600341796875,10.400634765625,1,-1,-1,-1
99,-1,606.5161743164062,484.4333190917969,12.84814453125,10.387725830078125,1,-1,-1,-1
100,-1,606.058349609375,484.4083557128906,12.992431640625,10.4561767578125,1,-1,-1,-1
101,-1,606.5442504882812,484.1690979003906,12.9476318359375,10.628997802734375,1,-1,-1,-1
102,-1,606.1023559570312,484.20855712890625,13.02996826171875,10.71551513671875,1,-1,-1,-1
103,-1,606.0327758789062,484.16180419921875,12.9853515625,10.5833740234375,1,-1,-1,-1
104,-1,605.9813842773438,484.18243408203125,12.90460205078125,10.706787109375,1,-1,-1,-1
105,-1,606.1166381835938,483.97705078125,12.95745849609375,10.653045654296875,1,-1,-1,-1
106,-1,606.0626220703125,483.8172607421875,12.85345458984375,10.72247314453125,1,-1,-1,-1
107,-1,606.338623046875,483.807373046875,12.78021240234375,10.722564697265625,1,-1,-1,-1
108,-1,602.8807983398438,479.4227294921875,20.0,20.0,1,-1,-1,-1
109,-1,608.7095947265625,475.8943786621094,20.0,20.0,1,-1,-1,-1
110,-1,608.7376098632812,476.0973815917969,20.0,20.0,1,-1,-1,-1
112,-1,605.7491455078125,484.1740417480469,13.3538818359375,10.588775634765625,1,-1,-1,-1
113,-1,605.7230834960938,483.8102722167969,13.2691650390625,10.659088134765625,1,-1,-1,-1
114,-1,605.8226318359375,483.70330810546875,13.2186279296875,10.699127197265625,1,-1,-1,-1
115,-1,606.23876953125,483.7923889160156,13.1727294921875,10.6778564453125,1,-1,-1,-1
116,-1,605.9985961914062,483.7606506347656,12.918212890625,10.532196044921875,1,-1,-1,-1
117,-1,606.1817626953125,483.6512145996094,13.0960693359375,10.529998779296875,1,-1,-1,-1
118,-1,606.3490600585938,483.5787353515625,12.99029541015625,10.552978515625,1,-1,-1,-1
119,-1,606.0652465820312,483.6809997558594,13.08233642578125,10.51361083984375,1,-1,-1,-1
120,-1,605.9508666992188,483.60211181640625,13.11346435546875,10.45123291015625,1,-1,-1,-1
121,-1,605.6531982421875,483.7109375,12.96636962890625,10.338623046875,1,-1,-1,-1
122,-1,605.6558227539062,483.77984619140625,13.23382568359375,10.262359619140625,1,-1,-1,-1
123,-1,605.782470703125,483.64532470703125,13.01434326171875,10.421600341796875,1,-1,-1,-1
124,-1,605.7783203125,483.6775817871094,12.8931884765625,10.374664306640625,1,-1,-1,-1
125,-1,605.46923828125,483.6102600097656,12.9532470703125,10.52325439453125,1,-1,-1,-1
126,-1,605.5641479492188,483.64990234375,12.85577392578125,10.533477783203125,1,-1,-1,-1
127,-1,605.4849853515625,483.7296142578125,12.8133544921875,10.446380615234375,1,-1,-1,-1
128,-1,605.3712158203125,483.82305908203125,12.883056640625,10.5047607421875,1,-1,-1,-1
129,-1,605.2142944335938,483.86749267578125,12.77899169921875,10.68304443359375,1,-1,-1,-1
130,-1,605.143798828125,483.9579772949219,12.9967041015625,10.5504150390625,1,-1,-1,-1
131,-1,605.5584716796875,483.8245544433594,12.7767333984375,10.507049560546875,1,-1,-1,-1
132,-1,605.3345947265625,483.8518371582031,13.0084228515625,10.533294677734375,1,-1,-1,-1
133,-1,605.5076293945312,484.01519775390625,12.98675537109375,10.3480224609375,1,-1,-1,-1
134,-1,605.4906616210938,483.984375,12.853759765625,10.38909912109375,1,-1,-1,-1
135,-1,605.32421875,483.69744873046875,12.73828125,10.31610107421875,1,-1,-1,-1
136,-1,605.2485961914062,483.87744140625,12.991455078125,10.16510009765625,1,-1,-1,-1
137,-1,604.9779663085938,483.8623962402344,13.75421142578125,9.99139404296875,1,-1,-1,-1
138,-1,605.0133666992188,483.4972839355469,13.34930419921875,10.50555419921875,1,-1,-1,-1
139,-1,604.7765502929688,483.6918640136719,13.50689697265625,10.41961669921875,1,-1,-1,-1
140,-1,605.0593872070312,483.7474365234375,13.308349609375,10.369720458984375,1,-1,-1,-1
141,-1,604.8902587890625,483.650390625,13.2742919921875,10.3863525390625,1,-1,-1,-1
142,-1,605.3292846679688,483.5463562011719,13.0257568359375,10.3895263671875,1,-1,-1,-1
143,-1,604.55224609375,483.4580383300781,13.2657470703125,10.34722900390625,1,-1,-1,-1
144,-1,604.151611328125,483.4102783203125,13.34393310546875,10.298553466796875,1,-1,-1,-1
145,-1,603.0612182617188,483.8404846191406,13.9842529296875,9.80487060546875,1,-1,-1,-1
146,-1,602.2063598632812,483.7972106933594,13.45745849609375,10.119171142578125,1,-1,-1,-1
147,-1,600.853515625,483.7640686035156,13.90673828125,10.05523681640625,1,-1,-1,-1
148,-1,599.4171752929688,483.4899597167969,13.7742919921875,10.619293212890625,1,-1,-1,-1
149,-1,598.228515625,483.2759704589844,14.27362060546875,10.5748291015625,1,-1,-1,-1
150,-1,594.434814453125,478.80816650390625,20.0,20.0,1,-1,-1,-1
151,-1,592.587890625,479.04205322265625,20.0,20.0,1,-1,-1,-1
152,-1,591.0028686523438,478.9232482910156,20.0,20.0,1,-1,-1,-1
154,-1,587.3341674804688,482.6024475097656,12.116455078125,10.48687744140625,1,-1,-1,-1
155,-1,586.080322265625,482.60662841796875,12.21002197265625,10.723114013671875,1,-1,-1,-1
156,-1,582.3031005859375,481.89923095703125,13.7415771484375,10.35858154296875,1,-1,-1,-1
157,-1,579.928466796875,481.5029296875,13.40948486328125,10.684417724609375,1,-1,-1,-1
158,-1,572.1309814453125,477.3504943847656,20.0,20.0,1,-1,-1,-1
159,-1,567.8089599609375,477.4933166503906,20.0,20.0,1,-1,-1,-1
160,-1,560.9176635742188,474.91107177734375,20.0,20.0,1,-1,-1,-1
162,-1,557.6378784179688,483.69305419921875,16.96893310546875,9.63592529296875,1,-1,-1,-1
163,-1,550.12353515625,478.6590270996094,20.0,20.0,1,-1,-1,-1
164,-1,543.1826171875,478.83062744140625,20.0,20.0,1,-1,-1,-1
165,-1,542.0127563476562,477.979248046875,20.0,20.0,1,-1,-1,-1
167,-1,1786.2159423828125,612.720458984375,17.6529541015625,12.83917236328125,1,-1,-1,-1
168,-1,1774.738037109375,613.700439453125,19.2430419921875,11.1781005859375,1,-1,-1,-1
169,-1,1758.808837890625,609.0064086914062,20.0,20.0,1,-1,-1,-1
170,-1,1741.8211669921875,606.9330444335938,20.0,20.0,1,-1,-1,-1
171,-1,1724.0147705078125,605.663330078125,20.0,20.0,1,-1,-1,-1
173,-1,766.4696044921875,409.2442932128906,15.75360107421875,10.101287841796875,1,-1,-1,-1
174,-1,785.8424072265625,401.0041809082031,15.5570068359375,10.4554443359375,1,-1,-1,-1
175,-1,803.1304931640625,392.3644104003906,15.9595947265625,10.248443603515625,1,-1,-1,-1
176,-1,818.2900390625,384.7080993652344,18.4588623046875,9.976287841796875,1,-1,-1,-1
177,-1,762.95068359375,386.80517578125,20.0,20.0,1,-1,-1,-1
178,-1,746.5977172851562,387.0446472167969,20.0,20.0,1,-1,-1,-1
179,-1,722.9039916992188,386.6866455078125,20.0,20.0,1,-1,-1,-1
182,-1,1536.2054443359375,590.94873046875,25.615966796875,12.94000244140625,1,-1,-1,-1
183,-1,1515.3421630859375,589.7208862304688,20.0599365234375,12.66973876953125,1,-1,-1,-1
184,-1,1496.5274658203125,588.4139404296875,18.2650146484375,12.470458984375,1,-1,-1,-1
185,-1,1473.64013671875,584.4401245117188,18.498046875,12.5272216796875,1,-1,-1,-1
186,-1,1454.1083984375,576.7017211914062,20.0,20.0,1,-1,-1,-1
187,-1,1437.1346435546875,573.7349853515625,20.0,20.0,1,-1,-1,-1
188,-1,1420.969482421875,572.3521728515625,20.0,20.0,1,-1,-1,-1
202,-1,1215.595947265625,573.4807739257812,29.783447265625,13.0142822265625,1,-1,-1,-1
203,-1,1206.5640869140625,569.0518798828125,20.0,20.0,1,-1,-1,-1
204,-1,1188.6226806640625,567.7908325195312,20.0,20.0,1,-1,-1,-1
205,-1,1171.712158203125,567.2866821289062,20.0,20.0,1,-1,-1,-1
208,-1,1125.4307861328125,564.24755859375,20.727783203125,15.61639404296875,1,-1,-1,-1
209,-1,1115.7506103515625,562.532470703125,20.0,20.0,1,-1,-1,-1
210,-1,1105.440673828125,563.3599853515625,20.0,20.0,1,-1,-1,-1
211,-1,1087.791259765625,561.8302612304688,20.0,20.0,1,-1,-1,-1
212,-1,1079.73193359375,572.044189453125,19.60498046875,12.1905517578125,1,-1,-1,-1
213,-1,1059.8350830078125,564.71826171875,20.0,20.0,1,-1,-1,-1
214,-1,1045.4349365234375,564.1080322265625,20.0,20.0,1,-1,-1,-1
215,-1,1031.788330078125,563.437744140625,20.0,20.0,1,-1,-1,-1
222,-1,1177.9287109375,198.76388549804688,22.20751953125,12.697509765625,1,-1,-1,-1
223,-1,1164.646240234375,194.53871154785156,20.0,20.0,1,-1,-1,-1
224,-1,1150.0135498046875,194.35818481445312,20.0,20.0,1,-1,-1,-1
225,-1,1136.3763427734375,193.81137084960938,20.0,20.0,1,-1,-1,-1
227,-1,898.2783203125,577.3753051757812,16.70904541015625,12.88116455078125,1,-1,-1,-1
228,-1,881.8594970703125,579.2457275390625,16.41290283203125,13.0491943359375,1,-1,-1,-1
229,-1,868.19775390625,577.9888305664062,17.5843505859375,12.9530029296875,1,-1,-1,-1
230,-1,853.5736083984375,575.1918334960938,20.0,20.0,1,-1,-1,-1
231,-1,845.3965454101562,577.62109375,16.59710693359375,14.69696044921875,1,-1,-1,-1
232,-1,827.0888061523438,576.5752563476562,20.0,20.0,1,-1,-1,-1
233,-1,814.11962890625,575.1207275390625,20.0,20.0,1,-1,-1,-1
234,-1,800.4310913085938,575.635986328125,20.0,20.0,1,-1,-1,-1
236,-1,791.7689208984375,580.8858032226562,19.48828125,14.315673828125,1,-1,-1,-1
237,-1,782.7713012695312,581.9674682617188,16.07025146484375,14.224609375,1,-1,-1,-1
238,-1,773.0673828125,579.1724853515625,20.0,20.0,1,-1,-1,-1
239,-1,763.0866088867188,580.6875610351562,20.0,20.0,1,-1,-1,-1
240,-1,756.1591796875,580.2046508789062,20.0,20.0,1,-1,-1,-1
242,-1,752.546875,584.5237426757812,16.74981689453125,12.50189208984375,1,-1,-1,-1
243,-1,747.890380859375,579.999755859375,20.0,20.0,1,-1,-1,-1
244,-1,742.1557006835938,580.97265625,20.0,20.0,1,-1,-1,-1
245,-1,735.01904296875,582.16943359375,20.0,20.0,1,-1,-1,-1
247,-1,1002.4155883789062,304.614501953125,14.74664306640625,10.153350830078125,1,-1,-1,-1
248,-1,993.0648193359375,306.0071105957031,13.79974365234375,9.317108154296875,1,-1,-1,-1
249,-1,980.9091796875,302.3899230957031,20.0,20.0,1,-1,-1,-1
250,-1,975.7646484375,303.9657287597656,20.0,20.0,1,-1,-1,-1
251,-1,971.0797119140625,304.9252624511719,20.0,20.0,1,-1,-1,-1
253,-1,891.490966796875,185.6063232421875,21.7694091796875,14.658660888671875,1,-1,-1,-1
254,-1,888.309814453125,186.3385467529297,20.71026611328125,12.9622802734375,1,-1,-1,-1
255,-1,885.7651977539062,182.96897888183594,20.0,20.0,1,-1,-1,-1
256,-1,883.54638671875,182.9594268798828,20.0,20.0,1,-1,-1,-1
257,-1,881.511962890625,183.07017517089844,20.0,20.0,1,-1,-1,-1
262,-1,885.2662353515625,377.4841003417969,11.8896484375,11.397003173828125,1,-1,-1,-1
263,-1,874.9838256835938,382.941650390625,20.0,20.0,1,-1,-1,-1
264,-1,872.3314208984375,397.9040832519531,12.0316162109375,11.909423828125,1,-1,-1,-1
265,-1,868.007080078125,391.7634582519531,20.0,20.0,1,-1,-1,-1
266,-1,870.3219604492188,389.7200012207031,20.0,20.0,1,-1,-1,-1
267,-1,869.751220703125,389.5741882324219,20.0,20.0,1,-1,-1,-1
269,-1,1494.051025390625,164.75393676757812,16.9801025390625,14.884994506835938,1,-1,-1,-1
270,-1,1494.200927734375,161.4706268310547,20.0,20.0,1,-1,-1,-1
271,-1,1496.13525390625,160.5851593017578,20.0,20.0,1,-1,-1,-1
272,-1,1497.853759765625,159.96571350097656,20.0,20.0,1,-1,-1,-1
274,-1,823.6173706054688,429.1429748535156,12.5301513671875,10.439239501953125,1,-1,-1,-1
275,-1,816.8353271484375,436.6064147949219,12.5697021484375,9.029998779296875,1,-1,-1,-1
276,-1,811.2501831054688,436.19390869140625,20.0,20.0,1,-1,-1,-1
277,-1,811.7190551757812,438.30462646484375,20.0,20.0,1,-1,-1,-1
278,-1,811.803955078125,441.644775390625,20.0,20.0,1,-1,-1,-1
279,-1,808.1517944335938,455.5643615722656,12.82940673828125,10.212982177734375,1,-1,-1,-1
280,-1,809.2595825195312,463.3162841796875,14.10504150390625,12.2303466796875,1,-1,-1,-1
281,-1,813.993896484375,449.5887451171875,20.0,20.0,1,-1,-1,-1
282,-1,819.389404296875,445.49957275390625,20.0,20.0,1,-1,-1,-1
283,-1,823.0671997070312,446.5090026855469,20.0,20.0,1,-1,-1,-1
285,-1,826.7908935546875,447.7050476074219,11.68841552734375,10.07452392578125,1,-1,-1,-1
286,-1,830.1712036132812,445.47869873046875,12.79925537109375,10.036651611328125,1,-1,-1,-1
287,-1,834.3109741210938,443.77154541015625,13.16387939453125,11.06732177734375,1,-1,-1,-1
288,-1,838.592041015625,442.8121032714844,13.2205810546875,11.742095947265625,1,-1,-1,-1
289,-1,840.48193359375,438.6198425292969,20.0,20.0,1,-1,-1,-1
290,-1,845.735107421875,438.9432373046875,20.0,20.0,1,-1,-1,-1
291,-1,852.151123046875,439.1347351074219,20.0,20.0,1,-1,-1,-1
293,-1,982.5020751953125,170.37611389160156,20.99346923828125,12.932464599609375,1,-1,-1,-1
294,-1,991.0426025390625,166.31752014160156,20.0,20.0,1,-1,-1,-1
295,-1,999.5282592773438,165.9580535888672,20.0,20.0,1,-1,-1,-1
296,-1,1007.9579467773438,165.511962890625,20.00006103515625,20.0,1,-1,-1,-1
297,-1,1016.486572265625,168.17138671875,22.139892578125,12.606414794921875,1,-1,-1,-1
298,-1,1023.4346923828125,167.89898681640625,23.45947265625,12.391265869140625,1,-1,-1,-1
299,-1,1035.9017333984375,164.13290405273438,20.0,20.0,1,-1,-1,-1
300,-1,1046.087646484375,163.4732208251953,20.0,20.0,1,-1,-1,-1
301,-1,1056.6326904296875,163.2759552001953,20.0,20.0,1,-1,-1,-1
302,-1,1067.1153564453125,167.07785034179688,22.91748046875,12.4268798828125,1,-1,-1,-1
303,-1,1080.720703125,162.85397338867188,20.0,20.0,1,-1,-1,-1
304,-1,1092.8291015625,162.6315155029297,20.0,20.0,1,-1,-1,-1
305,-1,1106.0615234375,162.11178588867188,20.0,20.0,1,-1,-1,-1
306,-1,1118.5189208984375,166.29335021972656,23.36376953125,12.086669921875,1,-1,-1,-1
307,-1,1133.4268798828125,161.7726593017578,20.0,20.0,1,-1,-1,-1
308,-1,1146.97216796875,161.43292236328125,20.0,20.0,1,-1,-1,-1
309,-1,1161.117431640625,161.11788940429688,20.0,20.0,1,-1,-1,-1
311,-1,579.96484375,585.8012084960938,17.73406982421875,12.14862060546875,1,-1,-1,-1
312,-1,587.3432006835938,583.4785766601562,20.0,20.0,1,-1,-1,-1
313,-1,600.078857421875,585.4107055664062,20.0,20.0,1,-1,-1,-1
314,-1,615.023681640625,584.8419189453125,20.0,20.0,1,-1,-1,-1
316,-1,645.7796020507812,585.63037109375,18.00018310546875,13.08184814453125,1,-1,-1,-1
317,-1,655.7970581054688,578.6443481445312,20.0,20.0,1,-1,-1,-1
318,-1,663.960693359375,572.7315063476562,20.0,20.0,1,-1,-1,-1
319,-1,667.6919555664062,567.4051513671875,20.0,20.0,1,-1,-1,-1
321,-1,1349.943603515625,159.41973876953125,25.83984375,12.124755859375,1,-1,-1,-1
322,-1,1369.2677001953125,155.16038513183594,20.0,20.0,1,-1,-1,-1
323,-1,1386.121337890625,154.6973876953125,20.0,20.0,1,-1,-1,-1
324,-1,1402.899169921875,154.28179931640625,20.0,20.0,1,-1,-1,-1
326,-1,647.1165771484375,584.9243774414062,16.54852294921875,13.10479736328125,1,-1,-1,-1
327,-1,652.20556640625,586.5472412109375,17.745849609375,12.515625,1,-1,-1,-1
328,-1,664.3369750976562,584.9979248046875,20.0,20.0,1,-1,-1,-1
329,-1,680.9343872070312,583.7316284179688,20.0,20.0,1,-1,-1,-1
330,-1,696.352783203125,583.3847045898438,20.0,20.0,1,-1,-1,-1
331,-1,709.6162719726562,587.1681518554688,16.94488525390625,12.24310302734375,1,-1,-1,-1
332,-1,722.1890258789062,583.1381225585938,17.02740478515625,15.22174072265625,1,-1,-1,-1
333,-1,730.2627563476562,576.673828125,20.0,20.0,1,-1,-1,-1
334,-1,739.1019897460938,570.9656982421875,20.0,20.0,1,-1,-1,-1
335,-1,744.0955200195312,566.460693359375,20.0,20.0,1,-1,-1,-1
337,-1,495.7016296386719,376.5481262207031,15.8148193359375,14.8634033203125,1,-1,-1,-1
338,-1,492.4203186035156,391.10516357421875,14.359130859375,16.2596435546875,1,-1,-1,-1
339,-1,488.1927795410156,407.7742614746094,14.688720703125,16.923583984375,1,-1,-1,-1
340,-1,485.4127197265625,424.19671630859375,13.183349609375,16.191162109375,1,-1,-1,-1
341,-1,475.37091064453125,423.5874938964844,20.0,20.0,1,-1,-1,-1
342,-1,516.4337768554688,413.2087707519531,20.0,20.0,1,-1,-1,-1
343,-1,526.9560546875,413.7352600097656,20.0,20.0,1,-1,-1,-1
346,-1,968.451904296875,534.4702758789062,22.69384765625,12.40655517578125,1,-1,-1,-1
347,-1,977.164794921875,536.0857543945312,16.53643798828125,10.70587158203125,1,-1,-1,-1
348,-1,977.1198120117188,533.8861083984375,20.0,20.0,1,-1,-1,-1
349,-1,992.2454223632812,539.7842407226562,20.0,20.0,1,-1,-1,-1
350,-1,1003.5997924804688,532.7437744140625,20.0,20.0,1,-1,-1,-1
352,-1,616.057861328125,451.7655944824219,18.43621826171875,11.753326416015625,1,-1,-1,-1
353,-1,630.9488525390625,446.1152648925781,14.65576171875,11.6439208984375,1,-1,-1,-1
354,-1,645.3209838867188,442.1640625,15.53997802734375,11.67242431640625,1,-1,-1,-1
355,-1,657.3755493164062,439.1402587890625,16.33709716796875,10.38818359375,1,-1,-1,-1
356,-1,665.9182739257812,434.61505126953125,20.0,20.0,1,-1,-1,-1
357,-1,676.8600463867188,433.8625793457031,20.0,20.0,1,-1,-1,-1
358,-1,687.3170166015625,433.17974853515625,20.0,20.0,1,-1,-1,-1
360,-1,717.7639770507812,430.3934020996094,13.97918701171875,11.47991943359375,1,-1,-1,-1
361,-1,727.4029541015625,431.35296630859375,14.7779541015625,11.33203125,1,-1,-1,-1
362,-1,737.1627197265625,432.06396484375,14.50238037109375,11.985809326171875,1,-1,-1,-1
363,-1,745.4027709960938,433.9540100097656,13.812255859375,12.5009765625,1,-1,-1,-1
364,-1,750.079345703125,431.3878479003906,20.0,20.0,1,-1,-1,-1
365,-1,756.5835571289062,432.7294616699219,20.0,20.0,1,-1,-1,-1
366,-1,763.1908569335938,435.5129089355469,20.0,20.0,1,-1,-1,-1
369,-1,784.0643920898438,457.9275817871094,17.01446533203125,14.356536865234375,1,-1,-1,-1
370,-1,793.90283203125,453.8398742675781,12.7156982421875,13.488922119140625,1,-1,-1,-1
371,-1,799.6019897460938,450.496337890625,13.1507568359375,12.144866943359375,1,-1,-1,-1
372,-1,805.9358520507812,447.0897521972656,11.3414306640625,11.830078125,1,-1,-1,-1
373,-1,801.452880859375,443.01312255859375,20.0,20.0,1,-1,-1,-1
374,-1,803.0690307617188,442.6375427246094,20.0,20.0,1,-1,-1,-1
375,-1,803.7867431640625,442.1127624511719,20.0,20.0,1,-1,-1,-1
377,-1,811.4466552734375,439.1169128417969,12.65087890625,11.01251220703125,1,-1,-1,-1
378,-1,811.8848876953125,439.052001953125,12.5906982421875,11.352508544921875,1,-1,-1,-1
379,-1,812.3765869140625,440.0848388671875,12.3594970703125,11.670623779296875,1,-1,-1,-1
380,-1,811.5286254882812,442.0725402832031,12.3106689453125,11.91815185546875,1,-1,-1,-1
381,-1,806.1498413085938,439.16424560546875,20.0,20.0,1,-1,-1,-1
382,-1,805.2693481445312,441.156494140625,20.0,20.0,1,-1,-1,-1
383,-1,803.2222290039062,437.7903747558594,20.0,20.0,1,-1,-1,-1
385,-1,806.9925537109375,441.5763854980469,12.5775146484375,12.334136962890625,1,-1,-1,-1
386,-1,804.4728393554688,441.4847412109375,13.4898681640625,11.784637451171875,1,-1,-1,-1
387,-1,801.7835693359375,441.2273864746094,13.26800537109375,11.27392578125,1,-1,-1,-1
388,-1,798.75927734375,441.44873046875,13.9083251953125,12.448333740234375,1,-1,-1,-1
389,-1,796.7977905273438,442.975341796875,13.1861572265625,11.7413330078125,1,-1,-1,-1
390,-1,789.6907348632812,439.7677307128906,20.0,20.0,1,-1,-1,-1
391,-1,785.118408203125,438.57586669921875,20.0,20.0,1,-1,-1,-1
392,-1,780.8373413085938,439.01611328125,20.0,20.0,1,-1,-1,-1
394,-1,776.9661254882812,440.1540222167969,15.88427734375,11.97265625,1,-1,-1,-1
395,-1,772.1343994140625,440.7571716308594,15.71002197265625,12.20965576171875,1,-1,-1,-1
396,-1,769.8131713867188,440.9595642089844,13.4649658203125,11.818756103515625,1,-1,-1,-1
397,-1,760.007080078125,436.3437805175781,20.0,20.0,1,-1,-1,-1
398,-1,766.725341796875,440.4948425292969,13.98138427734375,11.112823486328125,1,-1,-1,-1
399,-1,770.6551513671875,436.7307434082031,20.0,20.0,1,-1,-1,-1
400,-1,771.4129638671875,436.6998596191406,20.0,20.0,1,-1,-1,-1
401,-1,769.6646728515625,435.3839416503906,20.0,20.0,1,-1,-1,-1
403,-1,797.6465454101562,441.78619384765625,13.25384521484375,10.92462158203125,1,-1,-1,-1
404,-1,803.2506103515625,442.2524108886719,13.9124755859375,11.889495849609375,1,-1,-1,-1
405,-1,807.3271484375,442.7532043457031,14.10614013671875,10.906890869140625,1,-1,-1,-1
406,-1,812.13525390625,442.19805908203125,13.67169189453125,11.644744873046875,1,-1,-1,-1
407,-1,802.870849609375,438.6070556640625,20.0,20.0,1,-1,-1,-1
408,-1,800.1085205078125,438.73626708984375,20.0,20.0,1,-1,-1,-1
409,-1,785.6531982421875,440.6231384277344,20.0,20.0,1,-1,-1,-1
411,-1,824.201171875,443.0896301269531,13.62261962890625,11.2740478515625,1,-1,-1,-1
412,-1,823.7091674804688,442.6053771972656,14.204833984375,11.122344970703125,1,-1,-1,-1
413,-1,824.5179443359375,442.4606628417969,13.204833984375,11.6866455078125,1,-1,-1,-1
414,-1,824.4900512695312,443.1996765136719,13.641357421875,11.305328369140625,1,-1,-1,-1
415,-1,811.271484375,440.60150146484375,20.0,20.0,1,-1,-1,-1
416,-1,807.5972900390625,440.6495056152344,20.0,20.0,1,-1,-1,-1
417,-1,804.2605590820312,439.4136047363281,20.0,20.0,1,-1,-1,-1
419,-1,820.9943237304688,443.4613342285156,13.91571044921875,10.66473388671875,1,-1,-1,-1
420,-1,819.583740234375,443.1488952636719,12.53631591796875,11.3013916015625,1,-1,-1,-1
421,-1,818.0918579101562,442.8586120605469,13.03057861328125,11.697662353515625,1,-1,-1,-1
422,-1,817.818115234375,443.3673095703125,12.95086669921875,11.6590576171875,1,-1,-1,-1
423,-1,807.3926391601562,439.953125,20.0,20.0,1,-1,-1,-1
424,-1,803.1123657226562,440.7746276855469,20.0,20.0,1,-1,-1,-1
425,-1,796.8643798828125,442.0219421386719,20.0,20.0,1,-1,-1,-1
427,-1,808.650390625,445.1146240234375,13.82379150390625,10.720611572265625,1,-1,-1,-1
428,-1,805.8770141601562,445.67132568359375,12.8656005859375,10.7364501953125,1,-1,-1,-1
429,-1,804.1677856445312,445.4797058105469,12.56793212890625,10.84326171875,1,-1,-1,-1
430,-1,800.6314697265625,445.3945617675781,12.7802734375,10.396087646484375,1,-1,-1,-1
431,-1,787.7467651367188,442.66741943359375,20.0,20.0,1,-1,-1,-1
432,-1,782.48828125,442.8775939941406,20.0,20.0,1,-1,-1,-1
433,-1,778.3133544921875,443.330810546875,20.0,20.0,1,-1,-1,-1
435,-1,780.3304443359375,445.33673095703125,16.5731201171875,11.545623779296875,1,-1,-1,-1
436,-1,775.0083618164062,445.1965026855469,16.46063232421875,11.069793701171875,1,-1,-1,-1
437,-1,768.1886596679688,440.2923583984375,20.0,20.0,1,-1,-1,-1
438,-1,765.9144897460938,442.3526306152344,20.0,20.0,1,-1,-1,-1
439,-1,762.8697509765625,445.4146728515625,20.0,20.0,1,-1,-1,-1
442,-1,759.72705078125,461.6241149902344,13.87384033203125,10.902587890625,1,-1,-1,-1
443,-1,755.0614013671875,466.1242370605469,12.9208984375,11.00128173828125,1,-1,-1,-1
444,-1,752.3533935546875,468.282470703125,13.37884521484375,12.091949462890625,1,-1,-1,-1
445,-1,750.1546630859375,470.6861267089844,13.84906005859375,12.268280029296875,1,-1,-1,-1
446,-1,740.1460571289062,467.4759826660156,20.0,20.0,1,-1,-1,-1
447,-1,735.4830932617188,469.3227233886719,20.0,20.0,1,-1,-1,-1
448,-1,734.40576171875,471.4398193359375,20.0,20.0,1,-1,-1,-1
450,-1,744.1768798828125,488.0724182128906,13.900390625,11.405487060546875,1,-1,-1,-1
451,-1,743.9566040039062,490.0410461425781,13.32025146484375,11.279937744140625,1,-1,-1,-1
452,-1,742.8046264648438,492.3005676269531,13.76837158203125,11.8040771484375,1,-1,-1,-1
453,-1,743.2046508789062,495.3630065917969,12.60809326171875,11.849395751953125,1,-1,-1,-1
454,-1,732.6607666015625,493.1781005859375,20.0,20.0,1,-1,-1,-1
455,-1,730.2871704101562,492.97161865234375,20.0,20.0,1,-1,-1,-1
456,-1,728.3255615234375,493.78045654296875,20.0,20.0,1,-1,-1,-1
459,-1,1524.138427734375,199.07379150390625,20.234375,13.205673217773438,1,-1,-1,-1
460,-1,1520.2628173828125,195.66412353515625,20.0,20.0,1,-1,-1,-1
461,-1,1515.8311767578125,195.56646728515625,20.0,20.0,1,-1,-1,-1
462,-1,1511.45849609375,195.21253967285156,20.0,20.0,1,-1,-1,-1
464,-1,700.9961547851562,509.4308776855469,14.36004638671875,12.349212646484375,1,-1,-1,-1
465,-1,695.1654052734375,510.542724609375,15.1689453125,11.77532958984375,1,-1,-1,-1
466,-1,687.8357543945312,510.8583984375,17.6239013671875,11.86907958984375,1,-1,-1,-1
467,-1,684.5057373046875,506.422607421875,20.0,20.0,1,-1,-1,-1
468,-1,723.0200805664062,509.25457763671875,15.97149658203125,12.51434326171875,1,-1,-1,-1
469,-1,695.299072265625,506.13812255859375,20.0,20.0,1,-1,-1,-1
470,-1,690.3171997070312,505.5528564453125,20.0,20.0,1,-1,-1,-1
471,-1,689.5512084960938,505.274658203125,20.0,20.0,1,-1,-1,-1
477,-1,650.2623901367188,513.8018798828125,19.17547607421875,10.60015869140625,1,-1,-1,-1
478,-1,637.6541748046875,509.677734375,20.0,20.0,1,-1,-1,-1
479,-1,607.7168579101562,512.7962036132812,20.0,20.0,1,-1,-1,-1
480,-1,637.1459350585938,513.27197265625,20.0,20.0,1,-1,-1,-1
482,-1,532.1907958984375,527.8409423828125,18.28363037109375,10.90557861328125,1,-1,-1,-1
483,-1,512.0438232421875,527.709716796875,19.48822021484375,10.99713134765625,1,-1,-1,-1
484,-1,492.9112243652344,528.1052856445312,18.932647705078125,12.1324462890625,1,-1,-1,-1
485,-1,474.6208801269531,528.89306640625,17.699188232421875,11.4635009765625,1,-1,-1,-1
486,-1,502.1270751953125,524.1243896484375,20.0,20.0,1,-1,-1,-1
487,-1,510.33575439453125,523.1531372070312,20.0,20.0,1,-1,-1,-1
488,-1,518.2196044921875,522.9871215820312,20.0,20.0,1,-1,-1,-1
490,-1,391.3091125488281,541.8760986328125,17.9984130859375,12.310791015625,1,-1,-1,-1
491,-1,377.4968566894531,542.5977172851562,17.988555908203125,12.9912109375,1,-1,-1,-1
492,-1,364.3120422363281,543.8151245117188,17.6597900390625,13.01763916015625,1,-1,-1,-1
493,-1,351.78973388671875,545.2138671875,18.222137451171875,14.24176025390625,1,-1,-1,-1
494,-1,359.8446350097656,539.7057495117188,20.0,20.0,1,-1,-1,-1
495,-1,383.3250732421875,539.2781372070312,20.0,20.0,1,-1,-1,-1
496,-1,394.8003845214844,538.0999145507812,20.0,20.0,1,-1,-1,-1
498,-1,308.2620849609375,555.9358520507812,17.92987060546875,13.2559814453125,1,-1,-1,-1
499,-1,303.20184326171875,556.995849609375,18.3331298828125,14.3798828125,1,-1,-1,-1
500,-1,299.7536926269531,559.51220703125,17.5562744140625,13.54541015625,1,-1,-1,-1
501,-1,297.4404602050781,561.4740600585938,15.75079345703125,13.64117431640625,1,-1,-1,-1
502,-1,328.05316162109375,554.315185546875,20.0,20.0,1,-1,-1,-1
503,-1,342.9770812988281,553.2391357421875,20.0,20.0,1,-1,-1,-1
504,-1,358.83148193359375,552.8460693359375,20.0,20.0,1,-1,-1,-1
506,-1,291.0423889160156,566.0372314453125,17.414947509765625,12.68133544921875,1,-1,-1,-1
507,-1,291.98065185546875,565.4867553710938,17.37640380859375,13.12396240234375,1,-1,-1,-1
508,-1,293.79498291015625,566.4354248046875,16.99566650390625,13.1907958984375,1,-1,-1,-1
509,-1,294.8341369628906,567.7357177734375,17.3612060546875,12.6876220703125,1,-1,-1,-1
510,-1,309.3049621582031,563.3211669921875,20.0,20.0,1,-1,-1,-1
512,-1,304.7262268066406,569.4403686523438,16.746795654296875,12.25286865234375,1,-1,-1,-1
513,-1,308.5809326171875,569.8150634765625,16.884674072265625,12.967041015625,1,-1,-1,-1
514,-1,312.5781555175781,569.9540405273438,16.860565185546875,12.262939453125,1,-1,-1,-1
515,-1,317.9048767089844,569.1508178710938,17.006500244140625,12.79217529296875,1,-1,-1,-1
516,-1,333.4293212890625,564.3407592773438,20.0,20.0,1,-1,-1,-1
518,-1,337.2669677734375,568.51416015625,17.7547607421875,12.73980712890625,1,-1,-1,-1
519,-1,342.76690673828125,567.127685546875,18.212432861328125,13.00152587890625,1,-1,-1,-1
520,-1,350.03167724609375,566.7418212890625,18.45458984375,12.851806640625,1,-1,-1,-1
521,-1,355.31512451171875,565.829345703125,17.327850341796875,12.267822265625,1,-1,-1,-1
522,-1,371.1739501953125,561.203369140625,20.0,20.0,1,-1,-1,-1
524,-1,368.71514892578125,564.9232788085938,17.455291748046875,12.145263671875,1,-1,-1,-1
525,-1,372.5060119628906,564.2847290039062,16.600067138671875,12.8677978515625,1,-1,-1,-1
526,-1,374.65875244140625,562.955078125,18.82806396484375,13.26715087890625,1,-1,-1,-1
527,-1,377.1741943359375,561.8766479492188,20.46575927734375,13.3480224609375,1,-1,-1,-1
528,-1,391.3565368652344,557.2390747070312,20.0,20.0,1,-1,-1,-1
529,-1,395.71697998046875,562.6458129882812,20.0,20.0,1,-1,-1,-1
530,-1,409.118896484375,561.8822631835938,20.0,20.0,1,-1,-1,-1
532,-1,399.0849914550781,560.3929443359375,16.707916259765625,14.7493896484375,1,-1,-1,-1
533,-1,404.4841003417969,559.7725830078125,16.685302734375,14.07049560546875,1,-1,-1,-1
534,-1,408.9424133300781,559.2882080078125,17.080413818359375,12.80291748046875,1,-1,-1,-1
535,-1,414.85589599609375,558.070068359375,15.59368896484375,12.91168212890625,1,-1,-1,-1
536,-1,420.8863830566406,555.3878784179688,20.0,20.0,1,-1,-1,-1
537,-1,427.9153137207031,555.2686157226562,20.0,20.0,1,-1,-1,-1
538,-1,433.572998046875,555.2249145507812,20.0,20.0,1,-1,-1,-1
540,-1,425.5746154785156,555.8486938476562,16.82208251953125,13.1641845703125,1,-1,-1,-1
541,-1,430.7459716796875,555.2468872070312,15.251190185546875,13.261474609375,1,-1,-1,-1
542,-1,432.4706115722656,554.2218017578125,16.3602294921875,12.22161865234375,1,-1,-1,-1
543,-1,435.41424560546875,553.2489624023438,15.54376220703125,12.91949462890625,1,-1,-1,-1
544,-1,442.9562683105469,548.4762573242188,20.0,20.0,1,-1,-1,-1
545,-1,447.4205017089844,549.2332153320312,20.0,20.0,1,-1,-1,-1
546,-1,449.5892639160156,548.4100341796875,20.0,20.0,1,-1,-1,-1
548,-1,445.904296875,551.2735595703125,15.489288330078125,12.314453125,1,-1,-1,-1
549,-1,446.2597961425781,551.1196899414062,16.172149658203125,11.90087890625,1,-1,-1,-1
550,-1,446.49664306640625,550.6228637695312,15.954620361328125,12.4307861328125,1,-1,-1,-1
551,-1,447.5178527832031,550.9114990234375,15.864654541015625,12.05084228515625,1,-1,-1,-1
552,-1,453.5184631347656,545.6795043945312,20.0,20.0,1,-1,-1,-1
553,-1,456.87152099609375,543.802978515625,20.0,20.0,1,-1,-1,-1
554,-1,469.3077697753906,543.5682983398438,20.0,20.0,1,-1,-1,-1
556,-1,446.932373046875,548.6400146484375,15.99639892578125,12.13446044921875,1,-1,-1,-1
557,-1,446.8121643066406,548.4330444335938,15.265045166015625,12.79632568359375,1,-1,-1,-1
558,-1,446.77166748046875,549.0546875,15.970062255859375,12.3448486328125,1,-1,-1,-1
559,-1,447.1280822753906,548.4942626953125,15.80279541015625,12.2724609375,1,-1,-1,-1
560,-1,451.8465576171875,544.0744018554688,20.0,20.0,1,-1,-1,-1
561,-1,455.21234130859375,544.8042602539062,20.0,20.0,1,-1,-1,-1
562,-1,459.79937744140625,539.7535400390625,20.0,20.0,1,-1,-1,-1
564,-1,444.8580322265625,549.1044311523438,16.106170654296875,11.77752685546875,1,-1,-1,-1
565,-1,444.40948486328125,548.8596801757812,14.64349365234375,12.1549072265625,1,-1,-1,-1
566,-1,443.3837585449219,548.429931640625,15.728485107421875,12.02410888671875,1,-1,-1,-1
567,-1,442.86114501953125,548.1002197265625,15.34039306640625,12.46417236328125,1,-1,-1,-1
568,-1,448.2071533203125,542.5811767578125,20.0,20.0,1,-1,-1,-1
569,-1,459.2432556152344,540.6445922851562,20.0,20.0,1,-1,-1,-1
570,-1,463.1075439453125,539.6685180664062,20.0,20.0,1,-1,-1,-1
572,-1,435.7983093261719,546.1731567382812,16.01617431640625,11.968505859375,1,-1,-1,-1
573,-1,435.0336608886719,545.1151733398438,14.595062255859375,12.69366455078125,1,-1,-1,-1
574,-1,434.71551513671875,544.9548950195312,14.786895751953125,12.34588623046875,1,-1,-1,-1
575,-1,434.827392578125,544.4485473632812,14.289886474609375,12.15289306640625,1,-1,-1,-1
576,-1,437.08526611328125,539.5446166992188,20.0,20.0,1,-1,-1,-1
577,-1,441.4515075683594,537.575439453125,20.0,20.0,1,-1,-1,-1
578,-1,441.3681640625,539.3656005859375,20.0,20.0,1,-1,-1,-1
580,-1,434.05120849609375,538.4453125,15.862518310546875,13.1005859375,1,-1,-1,-1
581,-1,434.9361572265625,538.06640625,15.248748779296875,12.161376953125,1,-1,-1,-1
582,-1,435.3905944824219,537.4580688476562,14.656494140625,12.8585205078125,1,-1,-1,-1
583,-1,436.18896484375,533.5291748046875,20.0,20.0,1,-1,-1,-1
584,-1,444.4606018066406,530.2311401367188,20.0,20.0,1,-1,-1,-1
585,-1,434.4870300292969,533.779052734375,19.501983642578125,13.6094970703125,1,-1,-1,-1
586,-1,439.7638244628906,529.7752685546875,20.0,20.0,1,-1,-1,-1
587,-1,447.8020324707031,527.1837158203125,20.0,20.0,1,-1,-1,-1
588,-1,458.8280029296875,524.2394409179688,20.0,20.0,1,-1,-1,-1
590,-1,447.97540283203125,528.9737548828125,17.0919189453125,13.6536865234375,1,-1,-1,-1
591,-1,449.75408935546875,530.091552734375,18.944610595703125,13.00408935546875,1,-1,-1,-1
592,-1,458.212158203125,530.9918823242188,16.012298583984375,12.95037841796875,1,-1,-1,-1
593,-1,462.7308654785156,530.3314208984375,17.03875732421875,13.75579833984375,1,-1,-1,-1
594,-1,469.5551452636719,524.576171875,20.0,20.0,1,-1,-1,-1
595,-1,475.6777648925781,523.4608154296875,20.0,20.0,1,-1,-1,-1
596,-1,484.4204406738281,520.9553833007812,20.0,20.0,1,-1,-1,-1
598,-1,499.85406494140625,518.1456909179688,12.56964111328125,14.0731201171875,1,-1,-1,-1
599,-1,500.7356872558594,510.3358154296875,20.000030517578125,20.0,1,-1,-1,-1
600,-1,504.34368896484375,504.46954345703125,20.0,20.0,1,-1,-1,-1
601,-1,506.4896240234375,503.84661865234375,20.0,20.0,1,-1,-1,-1
603,-1,492.0718994140625,540.2662353515625,15.8203125,13.23382568359375,1,-1,-1,-1
604,-1,496.5102233886719,540.7185668945312,15.185150146484375,13.1689453125,1,-1,-1,-1
605,-1,499.8571472167969,542.06005859375,14.396331787109375,13.10040283203125,1,-1,-1,-1
606,-1,501.93243408203125,542.8336791992188,15.29376220703125,13.70953369140625,1,-1,-1,-1
607,-1,507.772705078125,540.0682983398438,20.0,20.0,1,-1,-1,-1
608,-1,513.6022338867188,536.6287231445312,20.0,20.0,1,-1,-1,-1
609,-1,519.2137451171875,536.0787353515625,20.0,20.0,1,-1,-1,-1
611,-1,520.3695068359375,545.9561767578125,15.503662109375,12.74420166015625,1,-1,-1,-1
612,-1,524.4392700195312,545.409423828125,14.55621337890625,13.24237060546875,1,-1,-1,-1
613,-1,527.416015625,548.3165893554688,15.66375732421875,11.99041748046875,1,-1,-1,-1
614,-1,532.8302612304688,549.7684326171875,15.2308349609375,11.58544921875,1,-1,-1,-1
615,-1,536.8779296875,542.3809204101562,20.0,20.0,1,-1,-1,-1
616,-1,543.8781127929688,542.2877807617188,20.0,20.0,1,-1,-1,-1
617,-1,548.5691528320312,543.1428833007812,20.0,20.0,1,-1,-1,-1
619,-1,550.062255859375,554.6576538085938,15.37091064453125,12.50048828125,1,-1,-1,-1
620,-1,552.3035888671875,555.6710205078125,16.7266845703125,11.6649169921875,1,-1,-1,-1
621,-1,555.0525512695312,555.3505249023438,15.72161865234375,12.192138671875,1,-1,-1,-1
622,-1,558.2864990234375,556.99560546875,15.7972412109375,11.63531494140625,1,-1,-1,-1
623,-1,560.76708984375,552.306640625,20.0,20.0,1,-1,-1,-1
624,-1,563.4976196289062,552.588623046875,20.0,20.0,1,-1,-1,-1
625,-1,570.3078002929688,550.6602783203125,20.0,20.0,1,-1,-1,-1
627,-1,569.6251831054688,559.6590576171875,14.04547119140625,11.95782470703125,1,-1,-1,-1
628,-1,570.3534545898438,560.1369018554688,14.1334228515625,12.01678466796875,1,-1,-1,-1
629,-1,571.68017578125,560.6526489257812,13.61492919921875,12.28485107421875,1,-1,-1,-1
630,-1,572.7418823242188,561.4004516601562,13.2626953125,12.17523193359375,1,-1,-1,-1
631,-1,573.0946655273438,556.6897583007812,20.0,20.0,1,-1,-1,-1
632,-1,575.8299560546875,557.6646728515625,20.0,20.0,1,-1,-1,-1
633,-1,577.8828125,556.3822631835938,20.0,20.0,1,-1,-1,-1
635,-1,573.3375244140625,564.009521484375,13.80059814453125,12.96307373046875,1,-1,-1,-1
636,-1,571.53955078125,564.007568359375,13.595458984375,13.108154296875,1,-1,-1,-1
637,-1,565.3899536132812,561.435791015625,20.0,20.0,1,-1,-1,-1
638,-1,564.8794555664062,561.2067260742188,15.67242431640625,15.65692138671875,1,-1,-1,-1
639,-1,561.4695434570312,559.025390625,20.0,20.0,1,-1,-1,-1
640,-1,559.9913940429688,563.8849487304688,17.8819580078125,12.79144287109375,1,-1,-1,-1
641,-1,556.22509765625,560.6238403320312,20.0,20.0,1,-1,-1,-1
642,-1,553.0338745117188,558.5355224609375,20.0,20.0,1,-1,-1,-1
643,-1,547.8258666992188,557.3394775390625,20.0,20.0,1,-1,-1,-1
645,-1,587.36572265625,549.9315185546875,27.09490966796875,12.3643798828125,1,-1,-1,-1
646,-1,570.2830810546875,546.2704467773438,20.0,20.0,1,-1,-1,-1
647,-1,559.3375244140625,545.809814453125,20.0,20.0,1,-1,-1,-1
648,-1,549.8690795898438,539.9862060546875,20.0,20.0,1,-1,-1,-1
650,-1,767.3223876953125,489.92156982421875,24.104736328125,13.3028564453125,1,-1,-1,-1
651,-1,768.455322265625,483.09088134765625,20.0,20.0,1,-1,-1,-1
652,-1,789.2927856445312,468.9366149902344,20.0,20.0,1,-1,-1,-1
653,-1,749.9894409179688,472.760986328125,20.0,20.0,1,-1,-1,-1
655,-1,908.1710815429688,425.711669921875,19.60235595703125,13.595123291015625,1,-1,-1,-1
656,-1,897.57763671875,415.678466796875,20.0,20.0,1,-1,-1,-1
657,-1,862.0609741210938,373.7870178222656,20.0,20.0,1,-1,-1,-1
658,-1,844.5210571289062,390.85308837890625,20.0,20.0,1,-1,-1,-1
660,-1,953.0137939453125,69.8616943359375,19.52825927734375,11.40887451171875,1,-1,-1,-1
661,-1,950.762939453125,77.50569152832031,20.0,20.0,1,-1,-1,-1
662,-1,945.5458374023438,86.65227508544922,20.0,20.0,1,-1,-1,-1
663,-1,909.7391967773438,80.5835952758789,20.0,20.0,1,-1,-1,-1
665,-1,1084.30029296875,311.0743103027344,16.7039794921875,13.63348388671875,1,-1,-1,-1
666,-1,1093.4996337890625,301.0528564453125,16.6292724609375,13.49908447265625,1,-1,-1,-1
667,-1,1101.846435546875,292.9179382324219,19.065673828125,11.3929443359375,1,-1,-1,-1
679,-1,869.5426635742188,580.990234375,25.5350341796875,12.9527587890625,1,-1,-1,-1
680,-1,849.4119873046875,577.7190551757812,20.0,20.0,1,-1,-1,-1
681,-1,852.6489868164062,580.3201904296875,20.0,20.0,1,-1,-1,-1
682,-1,821.743896484375,586.4149780273438,21.40350341796875,12.05621337890625,1,-1,-1,-1
683,-1,831.9328002929688,587.3063354492188,20.0,20.0,1,-1,-1,-1
684,-1,789.6881103515625,585.82177734375,20.0,20.0,1,-1,-1,-1
685,-1,746.3001708984375,590.053466796875,23.20928955078125,12.16278076171875,1,-1,-1,-1
686,-1,730.4794921875,590.9064331054688,20.031005859375,12.792236328125,1,-1,-1,-1
687,-1,727.2352905273438,587.9221801757812,20.0,20.0,1,-1,-1,-1
688,-1,711.1264038085938,587.5918579101562,20.0,20.0,1,-1,-1,-1
689,-1,701.2637939453125,582.4840087890625,20.0,20.0,1,-1,-1,-1
702,-1,502.01751708984375,595.8508911132812,19.81878662109375,13.7210693359375,1,-1,-1,-1
703,-1,479.31036376953125,592.2674560546875,20.0,20.0,1,-1,-1,-1
704,-1,475.2576599121094,593.2689819335938,20.0,20.0,1,-1,-1,-1
705,-1,466.8821105957031,593.5430297851562,20.0,20.0,1,-1,-1,-1
708,-1,463.51959228515625,590.9984130859375,16.94927978515625,13.31494140625,1,-1,-1,-1
709,-1,457.1928405761719,593.962646484375,16.912200927734375,11.8267822265625,1,-1,-1,-1
710,-1,445.15185546875,591.8267822265625,20.0,20.0,1,-1,-1,-1
711,-1,436.07098388671875,591.6549072265625,20.0,20.0,1,-1,-1,-1
712,-1,426.96820068359375,592.5521240234375,20.0,20.0,1,-1,-1,-1
714,-1,1118.3944091796875,293.91314697265625,12.0386962890625,11.04931640625,1,-1,-1,-1
715,-1,1119.3743896484375,302.7269287109375,11.82177734375,10.89068603515625,1,-1,-1,-1
716,-1,1121.9549560546875,312.17578125,11.74072265625,11.66290283203125,1,-1,-1,-1
717,-1,1123.3499755859375,321.4764709472656,13.217529296875,12.54833984375,1,-1,-1,-1
718,-1,1114.515869140625,319.9124450683594,20.0,20.0,1,-1,-1,-1
719,-1,1188.5230712890625,323.3336486816406,20.0,20.0,1,-1,-1,-1
721,-1,1137.99658203125,363.0353698730469,11.83251953125,13.0035400390625,1,-1,-1,-1
722,-1,1141.8587646484375,375.04193115234375,12.4818115234375,13.10137939453125,1,-1,-1,-1
723,-1,1141.59716796875,382.9028015136719,20.0,20.0,1,-1,-1,-1
724,-1,1142.33984375,388.48846435546875,20.0,20.0,1,-1,-1,-1
725,-1,1131.76220703125,391.39599609375,20.0,20.0,1,-1,-1,-1
730,-1,1132.2890625,426.3472595214844,14.483154296875,11.478851318359375,1,-1,-1,-1
731,-1,1128.61865234375,425.7060852050781,13.4090576171875,12.361175537109375,1,-1,-1,-1
732,-1,1124.1279296875,421.0906066894531,20.0,20.0,1,-1,-1,-1
733,-1,1118.8616943359375,422.7375183105469,20.0,20.0,1,-1,-1,-1
734,-1,1115.3843994140625,422.8030090332031,20.0,20.0,1,-1,-1,-1
739,-1,542.6571655273438,579.1216430664062,14.93804931640625,14.2801513671875,1,-1,-1,-1
740,-1,542.6542358398438,572.9063110351562,20.0,20.0,1,-1,-1,-1
741,-1,545.04052734375,571.90869140625,20.0,20.0,1,-1,-1,-1
742,-1,546.0018310546875,572.0289306640625,20.0,20.0,1,-1,-1,-1
745,-1,1084.18310546875,439.9843444824219,13.3968505859375,13.2080078125,1,-1,-1,-1
746,-1,1078.4547119140625,439.13031005859375,20.0,20.0,1,-1,-1,-1
747,-1,1077.2855224609375,452.0274963378906,15.8883056640625,10.8568115234375,1,-1,-1,-1
748,-1,1071.9058837890625,457.26171875,15.282958984375,10.703094482421875,1,-1,-1,-1
749,-1,1073.767578125,455.2490539550781,15.9349365234375,11.1126708984375,1,-1,-1,-1
750,-1,1073.9163818359375,447.47283935546875,20.0,20.0,1,-1,-1,-1
