4,-1,1389.215576171875,887.80078125,17.8140869140625,22.6878662109375,1,-1,-1,-1
5,-1,1396.3638916015625,892.09130859375,16.6290283203125,20.5452880859375,1,-1,-1,-1
6,-1,1398.033447265625,898.6458740234375,22.05712890625,16.4317626953125,1,-1,-1,-1
7,-1,1395.6163330078125,902.0457153320312,21.5810546875,16.6396484375,1,-1,-1,-1
8,-1,1387.524169921875,901.197021484375,24.0137939453125,18.3583984375,1,-1,-1,-1
9,-1,1377.75390625,896.0758666992188,24.0509033203125,21.00799560546875,1,-1,-1,-1
10,-1,1370.5035400390625,894.8501586914062,21.442626953125,19.65283203125,1,-1,-1,-1
11,-1,1362.537353515625,893.7080078125,21.3155517578125,17.67724609375,1,-1,-1,-1
12,-1,1358.30615234375,893.7755737304688,20.53955078125,16.96112060546875,1,-1,-1,-1
13,-1,1351.806640625,892.6220703125,21.87841796875,17.390869140625,1,-1,-1,-1
14,-1,1347.373291015625,891.3416748046875,21.0802001953125,17.3385009765625,1,-1,-1,-1
15,-1,1344.25927734375,890.1716918945312,19.955078125,17.6541748046875,1,-1,-1,-1
16,-1,1339.3023681640625,890.4979248046875,19.7596435546875,17.61065673828125,1,-1,-1,-1
17,-1,1336.2196044921875,889.9742431640625,19.7445068359375,17.86663818359375,1,-1,-1,-1
18,-1,1332.6834716796875,889.7891235351562,20.7982177734375,17.99432373046875,1,-1,-1,-1
19,-1,1329.2806396484375,890.091552734375,20.6837158203125,18.20147705078125,1,-1,-1,-1
20,-1,1327.0343017578125,890.86181640625,20.6390380859375,18.7301025390625,1,-1,-1,-1
21,-1,1323.3685302734375,891.7649536132812,20.651611328125,17.97637939453125,1,-1,-1,-1
22,-1,1320.0758056640625,892.322265625,22.12646484375,18.466064453125,1,-1,-1,-1
23,-1,1319.75341796875,893.9949951171875,20.86572265625,17.8773193359375,1,-1,-1,-1
24,-1,1318.4437255859375,895.162109375,19.7197265625,18.6456298828125,1,-1,-1,-1
25,-1,1315.2694091796875,896.513671875,21.0150146484375,18.01141357421875,1,-1,-1,-1
26,-1,1313.424560546875,899.2904052734375,20.6602783203125,17.4869384765625,1,-1,-1,-1
27,-1,1312.3992919921875,899.5128784179688,20.59130859375,18.1253662109375,1,-1,-1,-1
28,-1,1311.134033203125,900.7211303710938,20.2313232421875,18.20172119140625,1,-1,-1,-1
29,-1,1310.0345458984375,903.5208740234375,19.4344482421875,17.480712890625,1,-1,-1,-1
30,-1,1310.0045166015625,904.2073364257812,20.1470947265625,17.769287109375,1,-1,-1,-1
31,-1,1307.7657470703125,905.2025146484375,21.74755859375,17.2838134765625,1,-1,-1,-1
32,-1,1308.0858154296875,905.7469482421875,19.7900390625,17.5318603515625,1,-1,-1,-1
33,-1,1306.431640625,907.1735229492188,20.8065185546875,18.53955078125,1,-1,-1,-1
34,-1,1305.037841796875,908.0944213867188,21.013427734375,17.7882080078125,1,-1,-1,-1
35,-1,1302.87451171875,909.173095703125,22.1124267578125,17.01568603515625,1,-1,-1,-1
36,-1,1301.23095703125,909.6788940429688,21.464111328125,17.26885986328125,1,-1,-1,-1
37,-1,1299.5418701171875,910.4703369140625,21.2349853515625,17.99444580078125,1,-1,-1,-1
38,-1,1299.0296630859375,911.30078125,19.5963134765625,19.25927734375,1,-1,-1,-1
39,-1,1299.707275390625,913.5271606445312,20.8624267578125,18.73162841796875,1,-1,-1,-1
40,-1,1298.2315673828125,915.1550903320312,24.4853515625,16.673583984375,1,-1,-1,-1
41,-1,1294.003173828125,915.0228881835938,24.366943359375,15.86163330078125,1,-1,-1,-1
42,-1,1289.43310546875,913.91552734375,23.791015625,17.216064453125,1,-1,-1,-1
43,-1,1280.0316162109375,911.4039306640625,21.080078125,17.7772216796875,1,-1,-1,-1
44,-1,1273.7744140625,909.909912109375,22.54833984375,17.80670166015625,1,-1,-1,-1
45,-1,1268.22021484375,909.5995483398438,22.333984375,16.9957275390625,1,-1,-1,-1
46,-1,1265.95556640625,908.742919921875,20.8897705078125,17.969482421875,1,-1,-1,-1
47,-1,1263.1181640625,908.84521484375,19.7562255859375,17.13958740234375,1,-1,-1,-1
48,-1,1259.0640869140625,909.3963012695312,20.4075927734375,17.4700927734375,1,-1,-1,-1
49,-1,1254.549072265625,908.7582397460938,21.1978759765625,17.98248291015625,1,-1,-1,-1
50,-1,1247.5936279296875,908.5569458007812,21.4100341796875,16.79156494140625,1,-1,-1,-1
51,-1,1244.763671875,907.6881713867188,19.185546875,17.3287353515625,1,-1,-1,-1
52,-1,1240.29248046875,908.88525390625,20.522705078125,16.9453125,1,-1,-1,-1
53,-1,1235.838134765625,908.400146484375,20.8350830078125,17.474853515625,1,-1,-1,-1
54,-1,1233.0269775390625,907.530029296875,20.7783203125,16.9415283203125,1,-1,-1,-1
55,-1,1229.7569580078125,907.2498168945312,19.716796875,15.9688720703125,1,-1,-1,-1
56,-1,1225.665283203125,907.0474243164062,19.157470703125,16.5413818359375,1,-1,-1,-1
57,-1,1221.2991943359375,906.0946655273438,21.2994384765625,16.16497802734375,1,-1,-1,-1
58,-1,1216.822509765625,905.9110717773438,22.0511474609375,15.32879638671875,1,-1,-1,-1
59,-1,1214.6571044921875,905.131103515625,23.2833251953125,15.566162109375,1,-1,-1,-1
60,-1,1212.307861328125,903.8009643554688,19.92626953125,15.6485595703125,1,-1,-1,-1
61,-1,1209.2734375,902.950927734375,20.0260009765625,15.69091796875,1,-1,-1,-1
62,-1,1205.437744140625,901.11083984375,19.3753662109375,17.6563720703125,1,-1,-1,-1
63,-1,1203.071044921875,900.5983276367188,19.5185546875,17.73486328125,1,-1,-1,-1
64,-1,1200.3221435546875,900.2108154296875,19.7740478515625,17.36663818359375,1,-1,-1,-1
65,-1,1197.5771484375,900.3638916015625,19.6888427734375,16.3995361328125,1,-1,-1,-1
66,-1,1193.04833984375,900.09033203125,19.9970703125,16.672607421875,1,-1,-1,-1
67,-1,1190.218017578125,901.2783813476562,20.3201904296875,14.897705078125,1,-1,-1,-1
68,-1,1186.1220703125,898.034423828125,19.727783203125,18.5509033203125,1,-1,-1,-1
69,-1,1181.248046875,898.2882080078125,21.4136962890625,18.5936279296875,1,-1,-1,-1
70,-1,1181.6192626953125,900.13037109375,19.216064453125,16.3524169921875,1,-1,-1,-1
72,-1,1174.189697265625,900.0713500976562,21.065185546875,15.8980712890625,1,-1,-1,-1
73,-1,1175.216064453125,900.4990844726562,20.084228515625,15.7152099609375,1,-1,-1,-1
74,-1,1174.773681640625,899.3443603515625,20.1954345703125,17.14923095703125,1,-1,-1,-1
75,-1,1176.1141357421875,899.9825439453125,19.1004638671875,17.15179443359375,1,-1,-1,-1
76,-1,1176.0484619140625,900.4658813476562,19.3077392578125,16.141845703125,1,-1,-1,-1
79,-1,1178.447509765625,899.6688842773438,21.626953125,17.27642822265625,1,-1,-1,-1
80,-1,1187.8189697265625,897.9100952148438,19.1912841796875,19.14276123046875,1,-1,-1,-1
81,-1,1197.9931640625,898.57568359375,18.6024169921875,18.67279052734375,1,-1,-1,-1
82,-1,1206.244873046875,898.4412841796875,19.141357421875,18.17755126953125,1,-1,-1,-1
83,-1,1214.6356201171875,899.8271484375,18.5859375,16.7154541015625,1,-1,-1,-1
84,-1,1221.97705078125,899.8805541992188,18.413330078125,16.490966796875,1,-1,-1,-1
85,-1,1229.5023193359375,898.6993408203125,17.6982421875,16.7342529296875,1,-1,-1,-1
86,-1,1235.8011474609375,897.9793701171875,19.1258544921875,15.83642578125,1,-1,-1,-1
87,-1,1241.8087158203125,897.5780639648438,18.94091796875,16.22509765625,1,-1,-1,-1
88,-1,1245.476806640625,897.1829223632812,18.740966796875,16.30364990234375,1,-1,-1,-1
89,-1,1246.495361328125,895.8554077148438,20.0523681640625,16.707763671875,1,-1,-1,-1
90,-1,1248.5391845703125,895.1902465820312,20.3006591796875,16.74285888671875,1,-1,-1,-1
91,-1,1250.9036865234375,894.7368774414062,20.0999755859375,16.96502685546875,1,-1,-1,-1
92,-1,1252.1986083984375,894.70556640625,19.6435546875,17.13714599609375,1,-1,-1,-1
93,-1,1253.9898681640625,893.3705444335938,19.1214599609375,17.76617431640625,1,-1,-1,-1
94,-1,1252.9947509765625,892.9730834960938,18.8612060546875,17.27349853515625,1,-1,-1,-1
95,-1,1250.1177978515625,892.3934326171875,21.4024658203125,17.76947021484375,1,-1,-1,-1
96,-1,1248.7017822265625,891.3388061523438,21.0699462890625,17.46502685546875,1,-1,-1,-1
105,-1,1272.8331298828125,863.943115234375,20.0714111328125,17.50726318359375,1,-1,-1,-1
106,-1,1279.192626953125,859.7560424804688,18.849853515625,17.23944091796875,1,-1,-1,-1
107,-1,1283.2791748046875,855.6851196289062,20.046630859375,17.2423095703125,1,-1,-1,-1
108,-1,1288.4722900390625,850.8262939453125,19.3636474609375,16.57989501953125,1,-1,-1,-1
109,-1,1291.1351318359375,847.0980224609375,20.15576171875,16.4951171875,1,-1,-1,-1
110,-1,1294.316162109375,842.9262084960938,20.291259765625,17.07275390625,1,-1,-1,-1
111,-1,1295.5634765625,839.3744506835938,19.363525390625,16.05126953125,1,-1,-1,-1
112,-1,1296.340087890625,835.621337890625,20.925048828125,17.07330322265625,1,-1,-1,-1
113,-1,1297.839599609375,833.142822265625,19.8505859375,16.97723388671875,1,-1,-1,-1
114,-1,1298.0909423828125,829.3247680664062,19.899658203125,18.06268310546875,1,-1,-1,-1
115,-1,1297.640380859375,827.9046630859375,19.6630859375,16.80780029296875,1,-1,-1,-1
116,-1,1297.535400390625,825.5805053710938,19.31005859375,16.93408203125,1,-1,-1,-1
117,-1,1296.3677978515625,824.023681640625,18.8883056640625,16.02398681640625,1,-1,-1,-1
118,-1,1295.0185546875,822.2206420898438,18.9566650390625,16.7716064453125,1,-1,-1,-1
119,-1,1292.720458984375,820.8383178710938,19.0635986328125,16.38494873046875,1,-1,-1,-1
120,-1,1290.7349853515625,819.7003784179688,19.0321044921875,16.3692626953125,1,-1,-1,-1
121,-1,1287.4583740234375,818.7611694335938,18.2027587890625,16.36248779296875,1,-1,-1,-1
122,-1,1284.617431640625,817.566650390625,17.6966552734375,15.68603515625,1,-1,-1,-1
123,-1,1281.095703125,816.5643920898438,17.617919921875,16.3671875,1,-1,-1,-1
124,-1,1279.4549560546875,815.310791015625,18.29638671875,16.24749755859375,1,-1,-1,-1
125,-1,1277.85009765625,812.2698974609375,17.6881103515625,16.3729248046875,1,-1,-1,-1
126,-1,1277.1298828125,810.9554443359375,16.3006591796875,15.87127685546875,1,-1,-1,-1
127,-1,1273.2803955078125,810.3092041015625,17.46142578125,18.17657470703125,1,-1,-1,-1
146,-1,1257.42578125,780.095947265625,17.2459716796875,15.01800537109375,1,-1,-1,-1
147,-1,1258.4349365234375,779.233154296875,16.289306640625,14.668212890625,1,-1,-1,-1
148,-1,1259.8526611328125,776.6723022460938,16.84375,15.84735107421875,1,-1,-1,-1
149,-1,1261.494384765625,774.90478515625,17.43798828125,16.203369140625,1,-1,-1,-1
150,-1,1265.0592041015625,774.158447265625,15.3580322265625,14.13763427734375,1,-1,-1,-1
151,-1,1267.326904296875,770.494873046875,16.457275390625,16.615966796875,1,-1,-1,-1
152,-1,1268.5882568359375,767.5996704101562,17.178466796875,18.47686767578125,1,-1,-1,-1
153,-1,1269.4503173828125,770.0333862304688,17.2119140625,17.51165771484375,1,-1,-1,-1
154,-1,1271.2445068359375,772.7637329101562,17.679931640625,17.10699462890625,1,-1,-1,-1
155,-1,1274.394775390625,775.2012939453125,16.3251953125,15.78802490234375,1,-1,-1,-1
156,-1,1276.622314453125,777.9580688476562,17.3853759765625,14.07568359375,1,-1,-1,-1
157,-1,1281.5179443359375,779.284423828125,17.3233642578125,14.8463134765625,1,-1,-1,-1
158,-1,1283.389404296875,779.7005004882812,17.6715087890625,16.197021484375,1,-1,-1,-1
159,-1,1285.4766845703125,779.784423828125,18.304443359375,17.06451416015625,1,-1,-1,-1
160,-1,1290.5330810546875,781.0919189453125,17.9493408203125,16.76776123046875,1,-1,-1,-1
161,-1,1294.3026123046875,783.0935668945312,18.0123291015625,15.234619140625,1,-1,-1,-1
162,-1,1296.3583984375,784.1860961914062,18.583251953125,15.1026611328125,1,-1,-1,-1
164,-1,1303.4576416015625,783.3329467773438,19.021728515625,16.5118408203125,1,-1,-1,-1
165,-1,1301.5765380859375,786.9927978515625,20.035400390625,16.55767822265625,1,-1,-1,-1
166,-1,1298.239013671875,790.70947265625,20.976318359375,15.728515625,1,-1,-1,-1
167,-1,1293.93359375,793.7615356445312,19.5828857421875,16.46929931640625,1,-1,-1,-1
168,-1,1286.208740234375,795.8106689453125,21.2965087890625,19.2490234375,1,-1,-1,-1
169,-1,1284.3294677734375,804.3151245117188,17.91162109375,16.7210693359375,1,-1,-1,-1
170,-1,1281.7447509765625,810.2354125976562,17.663330078125,16.7977294921875,1,-1,-1,-1
171,-1,1278.2606201171875,816.26953125,18.51318359375,17.0447998046875,1,-1,-1,-1
172,-1,1275.7540283203125,819.0938110351562,19.1187744140625,17.0242919921875,1,-1,-1,-1
173,-1,1273.7823486328125,823.3931274414062,19.610107421875,16.677734375,1,-1,-1,-1
174,-1,1271.669677734375,827.02197265625,20.3807373046875,17.38250732421875,1,-1,-1,-1
175,-1,1271.1107177734375,829.5489501953125,19.9459228515625,17.44610595703125,1,-1,-1,-1
176,-1,1270.9110107421875,831.3242797851562,19.85986328125,17.5762939453125,1,-1,-1,-1
177,-1,1271.3284912109375,833.614013671875,18.75,16.62109375,1,-1,-1,-1
178,-1,1271.6727294921875,833.9159545898438,18.5587158203125,17.8997802734375,1,-1,-1,-1
179,-1,1271.21435546875,836.4081420898438,20.1346435546875,18.212646484375,1,-1,-1,-1
180,-1,1271.0859375,838.8792724609375,20.1322021484375,17.4205322265625,1,-1,-1,-1
181,-1,1272.86865234375,839.7186889648438,20.202880859375,17.17303466796875,1,-1,-1,-1
182,-1,1273.664794921875,840.4509887695312,20.633056640625,17.19805908203125,1,-1,-1,-1
183,-1,1275.6981201171875,841.3154907226562,20.4351806640625,18.09832763671875,1,-1,-1,-1
184,-1,1278.7210693359375,842.2056884765625,18.9820556640625,16.9827880859375,1,-1,-1,-1
185,-1,1280.96484375,843.30078125,18.0931396484375,17.6793212890625,1,-1,-1,-1
186,-1,1280.517822265625,843.783203125,19.0126953125,17.21014404296875,1,-1,-1,-1
187,-1,1280.58203125,843.8810424804688,19.6611328125,17.05181884765625,1,-1,-1,-1
188,-1,1281.339599609375,843.6117553710938,19.4547119140625,16.6119384765625,1,-1,-1,-1
189,-1,1281.4224853515625,841.2330322265625,20.2142333984375,18.09173583984375,1,-1,-1,-1
190,-1,1282.619873046875,840.3997802734375,20.03173828125,16.86767578125,1,-1,-1,-1
191,-1,1282.1990966796875,839.3148803710938,20.8587646484375,17.844482421875,1,-1,-1,-1
192,-1,1281.8355712890625,838.7756958007812,20.4371337890625,17.4613037109375,1,-1,-1,-1
193,-1,1282.826904296875,837.3497314453125,19.718994140625,17.6376953125,1,-1,-1,-1
194,-1,1279.5931396484375,836.546875,21.004638671875,16.52374267578125,1,-1,-1,-1
195,-1,1266.6492919921875,834.0951538085938,19.4727783203125,17.28350830078125,1,-1,-1,-1
216,-1,1333.198974609375,776.5616455078125,17.8543701171875,17.66314697265625,1,-1,-1,-1
235,-1,1153.4517822265625,717.013916015625,19.48876953125,16.816162109375,1,-1,-1,-1
236,-1,1146.5001220703125,714.9114379882812,17.99853515625,15.9425048828125,1,-1,-1,-1
237,-1,1140.593505859375,713.5674438476562,17.20458984375,15.0135498046875,1,-1,-1,-1
238,-1,1133.2034912109375,711.440185546875,17.386474609375,15.690185546875,1,-1,-1,-1
239,-1,1124.849853515625,711.0525512695312,18.74658203125,14.3863525390625,1,-1,-1,-1
240,-1,1118.8736572265625,709.9315795898438,18.0120849609375,15.820068359375,1,-1,-1,-1
241,-1,1110.74853515625,708.7036743164062,20.7445068359375,16.30181884765625,1,-1,-1,-1
242,-1,1102.66748046875,708.4266967773438,17.87841796875,16.18017578125,1,-1,-1,-1
243,-1,1096.9678955078125,707.4803466796875,18.384765625,15.25347900390625,1,-1,-1,-1
244,-1,1089.9735107421875,707.3836059570312,17.9141845703125,15.26141357421875,1,-1,-1,-1
245,-1,1082.53955078125,707.0065307617188,18.580810546875,15.47808837890625,1,-1,-1,-1
246,-1,1075.8131103515625,706.0075073242188,17.0589599609375,15.90081787109375,1,-1,-1,-1
247,-1,1069.550537109375,706.6687622070312,17.3984375,15.0577392578125,1,-1,-1,-1
248,-1,1062.72021484375,706.1112060546875,17.549072265625,16.1727294921875,1,-1,-1,-1
249,-1,1054.3560791015625,706.4757690429688,16.5628662109375,15.75555419921875,1,-1,-1,-1
250,-1,1047.220703125,706.6873168945312,16.2679443359375,14.76751708984375,1,-1,-1,-1
251,-1,1038.10546875,706.582763671875,18.567138671875,14.85650634765625,1,-1,-1,-1
252,-1,1031.4449462890625,706.6345825195312,16.86962890625,15.90130615234375,1,-1,-1,-1
271,-1,753.489501953125,685.8303833007812,16.2684326171875,14.98681640625,1,-1,-1,-1
272,-1,740.1295166015625,683.5922241210938,17.86346435546875,16.7193603515625,1,-1,-1,-1
273,-1,726.6341552734375,681.7582397460938,18.13671875,14.480712890625,1,-1,-1,-1
274,-1,711.9251098632812,679.2379760742188,19.56640625,14.54345703125,1,-1,-1,-1
275,-1,699.0623168945312,676.8187866210938,17.428955078125,14.5037841796875,1,-1,-1,-1
277,-1,683.0203857421875,675.6480712890625,17.08392333984375,14.88494873046875,1,-1,-1,-1
278,-1,682.48193359375,677.6024169921875,16.6605224609375,15.20465087890625,1,-1,-1,-1
279,-1,680.0445556640625,678.9241333007812,17.74566650390625,14.5142822265625,1,-1,-1,-1
280,-1,676.47802734375,681.3452758789062,17.548095703125,15.30181884765625,1,-1,-1,-1
281,-1,673.6741333007812,682.9891357421875,17.48614501953125,15.1512451171875,1,-1,-1,-1
282,-1,670.1591796875,683.5836791992188,17.9639892578125,15.1964111328125,1,-1,-1,-1
283,-1,664.455810546875,685.2266235351562,18.5762939453125,14.1533203125,1,-1,-1,-1
284,-1,659.8305053710938,685.4292602539062,17.3973388671875,14.610107421875,1,-1,-1,-1
285,-1,655.2281494140625,685.04150390625,17.448486328125,15.39813232421875,1,-1,-1,-1
286,-1,649.9085693359375,685.8524780273438,16.4205322265625,15.5975341796875,1,-1,-1,-1
287,-1,644.0179443359375,685.80029296875,15.6043701171875,15.25360107421875,1,-1,-1,-1
288,-1,634.7236938476562,683.2245483398438,16.49871826171875,15.22625732421875,1,-1,-1,-1
289,-1,627.0408325195312,681.32568359375,15.83258056640625,15.44769287109375,1,-1,-1,-1
293,-1,605.5015869140625,685.4298706054688,21.8720703125,14.89007568359375,1,-1,-1,-1
294,-1,623.8360595703125,693.288818359375,22.81365966796875,16.52569580078125,1,-1,-1,-1
313,-1,984.8929443359375,844.0469360351562,25.9512939453125,18.92120361328125,1,-1,-1,-1
314,-1,1005.407958984375,851.7996826171875,25.253662109375,18.5279541015625,1,-1,-1,-1
315,-1,1025.724365234375,859.4864501953125,23.9739990234375,18.7470703125,1,-1,-1,-1
316,-1,1044.0853271484375,867.4111938476562,25.620361328125,18.20587158203125,1,-1,-1,-1
335,-1,1207.6358642578125,915.715576171875,19.939208984375,19.68408203125,1,-1,-1,-1
336,-1,1207.20166015625,916.623046875,20.6767578125,20.09954833984375,1,-1,-1,-1
337,-1,1206.74365234375,917.3861694335938,20.7506103515625,19.1961669921875,1,-1,-1,-1
338,-1,1204.836669921875,916.4983520507812,21.6962890625,19.13629150390625,1,-1,-1,-1
339,-1,1205.691162109375,916.500732421875,20.6925048828125,19.0784912109375,1,-1,-1,-1
340,-1,1204.7279052734375,917.3262329101562,21.5467529296875,18.77337646484375,1,-1,-1,-1
341,-1,1204.897216796875,916.8101806640625,20.4384765625,19.2066650390625,1,-1,-1,-1
342,-1,1203.6416015625,917.0247802734375,21.492919921875,19.09674072265625,1,-1,-1,-1
343,-1,1202.51025390625,917.8272705078125,21.84423828125,19.03338623046875,1,-1,-1,-1
344,-1,1202.3299560546875,917.0038452148438,22.470458984375,19.92047119140625,1,-1,-1,-1
345,-1,1203.2418212890625,917.33544921875,20.279296875,18.98809814453125,1,-1,-1,-1
346,-1,1202.83544921875,917.6000366210938,21.40869140625,18.97930908203125,1,-1,-1,-1
347,-1,1204.3756103515625,918.1011352539062,20.4622802734375,19.07904052734375,1,-1,-1,-1
348,-1,1203.3782958984375,917.8311767578125,20.723388671875,19.27716064453125,1,-1,-1,-1
349,-1,1202.441650390625,916.2246704101562,20.5787353515625,19.47119140625,1,-1,-1,-1
350,-1,1201.6962890625,915.4007568359375,20.1456298828125,19.31695556640625,1,-1,-1,-1
351,-1,1198.9639892578125,914.93017578125,20.9326171875,18.9791259765625,1,-1,-1,-1
352,-1,1196.5721435546875,914.4454956054688,21.6260986328125,18.22064208984375,1,-1,-1,-1
353,-1,1195.5450439453125,913.4609375,21.3001708984375,18.48809814453125,1,-1,-1,-1
354,-1,1194.5714111328125,912.27783203125,20.0174560546875,18.661376953125,1,-1,-1,-1
355,-1,1192.8038330078125,911.7210083007812,20.771484375,18.52105712890625,1,-1,-1,-1
356,-1,1190.2767333984375,909.4683227539062,19.380126953125,19.25152587890625,1,-1,-1,-1
357,-1,1187.8768310546875,909.5186767578125,20.3226318359375,18.4613037109375,1,-1,-1,-1
358,-1,1186.6082763671875,909.0895385742188,19.620849609375,18.9637451171875,1,-1,-1,-1
359,-1,1187.2406005859375,907.8211059570312,17.2188720703125,19.99822998046875,1,-1,-1,-1
360,-1,1185.8648681640625,909.8722534179688,16.5899658203125,17.3201904296875,1,-1,-1,-1
366,-1,1186.4481201171875,898.6563110351562,18.856201171875,20.1397705078125,1,-1,-1,-1
367,-1,1187.6837158203125,895.1879272460938,19.7515869140625,19.63092041015625,1,-1,-1,-1
368,-1,1189.7801513671875,893.3023071289062,19.3343505859375,19.47845458984375,1,-1,-1,-1
369,-1,1192.334228515625,892.91650390625,20.0640869140625,18.82586669921875,1,-1,-1,-1
378,-1,1200.2266845703125,889.322021484375,19.8216552734375,17.0462646484375,1,-1,-1,-1
379,-1,1193.21923828125,885.6856689453125,17.34716796875,17.92620849609375,1,-1,-1,-1
398,-1,1099.7926025390625,850.6055908203125,20.0772705078125,21.40032958984375,1,-1,-1,-1
399,-1,1098.5458984375,849.6974487304688,16.7320556640625,22.81915283203125,1,-1,-1,-1
402,-1,1089.5909423828125,847.1428833007812,19.7032470703125,21.569091796875,1,-1,-1,-1
403,-1,1087.9779052734375,846.734130859375,19.0120849609375,20.83099365234375,1,-1,-1,-1
404,-1,1087.363525390625,849.203125,18.1224365234375,21.275634765625,1,-1,-1,-1
405,-1,1084.2626953125,849.0848388671875,17.69140625,22.713623046875,1,-1,-1,-1
424,-1,733.3719482421875,740.542724609375,21.04168701171875,17.5411376953125,1,-1,-1,-1
425,-1,716.72998046875,735.8515014648438,21.84539794921875,17.6566162109375,1,-1,-1,-1
426,-1,702.0623779296875,732.80322265625,20.81689453125,16.785400390625,1,-1,-1,-1
427,-1,685.8822631835938,730.1096801757812,23.217529296875,16.77972412109375,1,-1,-1,-1
428,-1,671.54248046875,726.7637939453125,21.61328125,17.41436767578125,1,-1,-1,-1
429,-1,656.7339477539062,722.8876953125,21.15924072265625,17.252197265625,1,-1,-1,-1
430,-1,642.6595458984375,720.1038208007812,20.68682861328125,16.45849609375,1,-1,-1,-1
431,-1,625.7206420898438,716.561767578125,22.66778564453125,16.61480712890625,1,-1,-1,-1
432,-1,613.826904296875,714.1959228515625,21.28741455078125,17.12847900390625,1,-1,-1,-1
433,-1,600.9691772460938,711.015380859375,20.2425537109375,16.63873291015625,1,-1,-1,-1
434,-1,587.4126586914062,707.5223388671875,19.643310546875,16.54248046875,1,-1,-1,-1
435,-1,575.8126831054688,703.26025390625,18.4720458984375,16.858154296875,1,-1,-1,-1
437,-1,571.1427612304688,700.6277465820312,15.05792236328125,17.02447509765625,1,-1,-1,-1
438,-1,567.615966796875,700.614990234375,17.7542724609375,15.8837890625,1,-1,-1,-1
439,-1,565.541748046875,700.9931640625,18.48712158203125,15.6932373046875,1,-1,-1,-1
440,-1,565.0271606445312,700.0371704101562,19.72430419921875,16.6610107421875,1,-1,-1,-1
441,-1,564.5285034179688,699.476806640625,20.12982177734375,16.794921875,1,-1,-1,-1
442,-1,564.1953125,699.0946044921875,20.2191162109375,17.131591796875,1,-1,-1,-1
443,-1,567.620849609375,698.0054931640625,18.03326416015625,17.04803466796875,1,-1,-1,-1
444,-1,568.58837890625,698.1732177734375,17.6949462890625,17.6572265625,1,-1,-1,-1
445,-1,569.9678344726562,699.3298950195312,15.45263671875,17.91192626953125,1,-1,-1,-1
446,-1,572.7235717773438,701.3805541992188,14.6685791015625,20.9613037109375,1,-1,-1,-1
447,-1,574.4048461914062,702.1392822265625,13.93658447265625,22.1954345703125,1,-1,-1,-1
466,-1,690.8419799804688,702.228515625,16.7413330078125,16.8099365234375,1,-1,-1,-1
468,-1,703.5552978515625,701.8777465820312,21.755126953125,16.23162841796875,1,-1,-1,-1
469,-1,719.5276489257812,704.5077514648438,20.97509765625,15.93994140625,1,-1,-1,-1
470,-1,734.7237548828125,706.5482788085938,21.08013916015625,17.41455078125,1,-1,-1,-1
471,-1,744.3733520507812,709.461181640625,22.6630859375,16.8984375,1,-1,-1,-1
472,-1,758.2545776367188,712.3381958007812,20.08880615234375,16.45892333984375,1,-1,-1,-1
473,-1,768.1839599609375,713.507080078125,20.5296630859375,16.89898681640625,1,-1,-1,-1
474,-1,777.3690185546875,715.0140380859375,20.33245849609375,17.25579833984375,1,-1,-1,-1
475,-1,784.6519165039062,717.4930419921875,20.4381103515625,15.9083251953125,1,-1,-1,-1
476,-1,788.1587524414062,717.465087890625,21.67340087890625,15.92803955078125,1,-1,-1,-1
477,-1,795.262939453125,718.1549682617188,18.66485595703125,15.57904052734375,1,-1,-1,-1
478,-1,798.7263793945312,719.4421997070312,18.70721435546875,15.7069091796875,1,-1,-1,-1
479,-1,799.822021484375,718.4147338867188,19.36376953125,17.07012939453125,1,-1,-1,-1
480,-1,799.4066162109375,717.8552856445312,20.2052001953125,17.0770263671875,1,-1,-1,-1
481,-1,800.7314453125,718.5506591796875,18.4334716796875,16.484619140625,1,-1,-1,-1
482,-1,799.73095703125,719.6243896484375,18.124267578125,15.507080078125,1,-1,-1,-1
483,-1,797.1875610351562,717.8701171875,18.54681396484375,16.3568115234375,1,-1,-1,-1
484,-1,795.4449462890625,717.6104125976562,18.953125,16.5286865234375,1,-1,-1,-1
485,-1,794.5187377929688,716.119384765625,18.58074951171875,17.9141845703125,1,-1,-1,-1
486,-1,794.284912109375,715.054931640625,18.3291015625,15.854736328125,1,-1,-1,-1
487,-1,789.17822265625,716.8286743164062,17.964111328125,16.52264404296875,1,-1,-1,-1
489,-1,786.434326171875,722.7704467773438,25.36444091796875,16.98504638671875,1,-1,-1,-1
508,-1,985.7872924804688,832.1165161132812,24.5460205078125,20.088134765625,1,-1,-1,-1
527,-1,1042.4808349609375,877.5609130859375,21.39208984375,19.69671630859375,1,-1,-1,-1
528,-1,1040.249267578125,876.840576171875,22.6121826171875,20.10687255859375,1,-1,-1,-1
529,-1,1038.156494140625,875.6400146484375,23.2559814453125,21.12591552734375,1,-1,-1,-1
530,-1,1036.7396240234375,876.2623901367188,23.5020751953125,21.077880859375,1,-1,-1,-1
531,-1,1036.0341796875,877.7372436523438,21.5213623046875,20.46417236328125,1,-1,-1,-1
532,-1,1034.7567138671875,878.6201171875,21.887451171875,20.5220947265625,1,-1,-1,-1
551,-1,1423.55078125,278.0332336425781,15.290771484375,11.674041748046875,1,-1,-1,-1
552,-1,1419.1107177734375,280.4312438964844,15.260986328125,11.811676025390625,1,-1,-1,-1
553,-1,1416.7528076171875,283.9930419921875,15.5074462890625,11.54010009765625,1,-1,-1,-1
554,-1,1413.5975341796875,288.3251647949219,15.6571044921875,11.3741455078125,1,-1,-1,-1
555,-1,1409.547607421875,292.1521911621094,14.98486328125,12.0015869140625,1,-1,-1,-1
556,-1,1405.5838623046875,296.9977722167969,15.610595703125,12.5546875,1,-1,-1,-1
557,-1,1400.6229248046875,302.7746887207031,16.022705078125,12.2713623046875,1,-1,-1,-1
558,-1,1397.3726806640625,306.89453125,15.41455078125,11.942596435546875,1,-1,-1,-1
559,-1,1394.81787109375,311.76934814453125,15.1396484375,12.73052978515625,1,-1,-1,-1
560,-1,1390.75439453125,316.3338928222656,16.262939453125,12.92572021484375,1,-1,-1,-1
563,-1,1387.1944580078125,331.3899841308594,14.519287109375,12.681549072265625,1,-1,-1,-1
564,-1,1384.3441162109375,336.2105407714844,14.486328125,12.409637451171875,1,-1,-1,-1
565,-1,1382.00927734375,341.4604797363281,15.5765380859375,13.38580322265625,1,-1,-1,-1
566,-1,1382.3585205078125,345.3055114746094,14.3284912109375,13.85797119140625,1,-1,-1,-1
567,-1,1381.945556640625,350.7940979003906,14.4228515625,14.36688232421875,1,-1,-1,-1
568,-1,1381.5244140625,357.6455993652344,15.559326171875,13.330047607421875,1,-1,-1,-1
569,-1,1381.1876220703125,362.96063232421875,14.3370361328125,13.40277099609375,1,-1,-1,-1
570,-1,1378.781494140625,368.24609375,15.9794921875,14.19476318359375,1,-1,-1,-1
571,-1,1378.4849853515625,374.0408630371094,15.3765869140625,14.270904541015625,1,-1,-1,-1
572,-1,1378.5679931640625,378.5318298339844,15.3240966796875,15.28802490234375,1,-1,-1,-1
573,-1,1380.1597900390625,387.46844482421875,14.563232421875,13.5091552734375,1,-1,-1,-1
574,-1,1380.6141357421875,394.56072998046875,15.2105712890625,13.51690673828125,1,-1,-1,-1
575,-1,1379.9049072265625,400.4927673339844,15.7083740234375,14.28887939453125,1,-1,-1,-1
576,-1,1381.219482421875,407.00091552734375,15.575927734375,13.995330810546875,1,-1,-1,-1
577,-1,1383.158935546875,415.17254638671875,15.8648681640625,13.37567138671875,1,-1,-1,-1
578,-1,1386.46142578125,422.5391540527344,14.9554443359375,12.51611328125,1,-1,-1,-1
579,-1,1386.9337158203125,429.34967041015625,16.0579833984375,13.92620849609375,1,-1,-1,-1
580,-1,1389.472412109375,436.08966064453125,15.013427734375,13.48712158203125,1,-1,-1,-1
581,-1,1390.2225341796875,442.7528991699219,15.87255859375,13.551177978515625,1,-1,-1,-1
582,-1,1392.830810546875,450.5523986816406,17.4439697265625,12.68316650390625,1,-1,-1,-1
583,-1,1394.7989501953125,456.23455810546875,16.7633056640625,12.624237060546875,1,-1,-1,-1
584,-1,1395.6932373046875,461.3819580078125,18.01025390625,13.2508544921875,1,-1,-1,-1
585,-1,1397.9652099609375,466.88751220703125,17.6204833984375,13.30499267578125,1,-1,-1,-1
586,-1,1401.7188720703125,472.37274169921875,17.3988037109375,12.83978271484375,1,-1,-1,-1
587,-1,1404.234619140625,478.910400390625,17.9273681640625,13.372406005859375,1,-1,-1,-1
588,-1,1406.97802734375,484.85986328125,16.4132080078125,12.5462646484375,1,-1,-1,-1
589,-1,1407.885986328125,489.2137451171875,18.260009765625,13.7130126953125,1,-1,-1,-1
590,-1,1413.4732666015625,495.1598815917969,16.5074462890625,13.1339111328125,1,-1,-1,-1
591,-1,1415.638671875,500.1863098144531,16.1876220703125,12.535308837890625,1,-1,-1,-1
592,-1,1421.1231689453125,505.7020263671875,15.8914794921875,13.59466552734375,1,-1,-1,-1
593,-1,1424.0306396484375,510.8827209472656,17.07275390625,13.933319091796875,1,-1,-1,-1
594,-1,1426.998779296875,516.9720458984375,17.9931640625,12.80047607421875,1,-1,-1,-1
595,-1,1432.0753173828125,520.554931640625,17.3426513671875,14.113037109375,1,-1,-1,-1
596,-1,1434.5120849609375,525.8260498046875,16.9354248046875,13.18914794921875,1,-1,-1,-1
597,-1,1440.05908203125,528.6222534179688,16.5511474609375,13.80657958984375,1,-1,-1,-1
598,-1,1443.691650390625,534.396728515625,18.357666015625,13.56195068359375,1,-1,-1,-1
599,-1,1450.5064697265625,538.5435180664062,18.25927734375,13.96661376953125,1,-1,-1,-1
600,-1,1455.6917724609375,543.1115112304688,18.4549560546875,13.13677978515625,1,-1,-1,-1
601,-1,1461.0347900390625,546.9794311523438,17.882568359375,13.38922119140625,1,-1,-1,-1
602,-1,1465.55029296875,550.0020751953125,19.5751953125,14.22467041015625,1,-1,-1,-1
603,-1,1472.7684326171875,554.7788696289062,16.530517578125,13.2557373046875,1,-1,-1,-1
604,-1,1476.944091796875,558.1959838867188,17.2532958984375,12.29052734375,1,-1,-1,-1
606,-1,1489.12158203125,564.9417724609375,17.4417724609375,13.240234375,1,-1,-1,-1
607,-1,1495.95068359375,568.7577514648438,18.2001953125,12.82196044921875,1,-1,-1,-1
608,-1,1503.5146484375,571.4848022460938,19.2115478515625,13.642578125,1,-1,-1,-1
609,-1,1511.2720947265625,575.436279296875,18.1544189453125,12.51806640625,1,-1,-1,-1
610,-1,1518.58251953125,578.5045166015625,19.3377685546875,12.66217041015625,1,-1,-1,-1
611,-1,1526.364501953125,581.3964233398438,20.111572265625,12.6795654296875,1,-1,-1,-1
612,-1,1535.4649658203125,582.2315063476562,19.1732177734375,13.6304931640625,1,-1,-1,-1
613,-1,1540.9031982421875,584.31591796875,21.3052978515625,13.29705810546875,1,-1,-1,-1
614,-1,1549.099365234375,587.2491455078125,20.6351318359375,12.68328857421875,1,-1,-1,-1
615,-1,1557.0230712890625,588.0514526367188,21.4166259765625,13.21624755859375,1,-1,-1,-1
616,-1,1567.65234375,590.1861572265625,19.979736328125,12.73687744140625,1,-1,-1,-1
617,-1,1576.7979736328125,591.9306640625,18.0003662109375,13.11962890625,1,-1,-1,-1
618,-1,1587.564697265625,592.6144409179688,18.38427734375,13.50634765625,1,-1,-1,-1
619,-1,1594.674560546875,595.3214111328125,19.1402587890625,13.42938232421875,1,-1,-1,-1
620,-1,1604.6666259765625,598.070556640625,19.841796875,12.73529052734375,1,-1,-1,-1
621,-1,1613.6683349609375,599.8573608398438,21.4031982421875,13.25750732421875,1,-1,-1,-1
622,-1,1622.624755859375,601.3974609375,21.2576904296875,13.9278564453125,1,-1,-1,-1
623,-1,1633.547119140625,602.6021118164062,20.2330322265625,13.4327392578125,1,-1,-1,-1
624,-1,1641.0855712890625,603.5900268554688,21.449951171875,13.15338134765625,1,-1,-1,-1
625,-1,1651.2442626953125,604.8449096679688,21.8177490234375,13.06427001953125,1,-1,-1,-1
626,-1,1661.559326171875,606.0497436523438,21.70947265625,13.08831787109375,1,-1,-1,-1
627,-1,1672.6478271484375,607.504150390625,21.9962158203125,13.1514892578125,1,-1,-1,-1
628,-1,1684.2042236328125,608.9518432617188,21.514404296875,12.47821044921875,1,-1,-1,-1
629,-1,1694.1644287109375,609.170166015625,21.6351318359375,12.53546142578125,1,-1,-1,-1
630,-1,1703.845703125,610.3078002929688,22.3695068359375,13.0047607421875,1,-1,-1,-1
631,-1,1715.254150390625,610.9282836914062,22.7252197265625,12.404052734375,1,-1,-1,-1
632,-1,1724.863525390625,611.4559936523438,22.626220703125,13.03271484375,1,-1,-1,-1
633,-1,1736.8011474609375,612.1280517578125,21.0966796875,13.24139404296875,1,-1,-1,-1
634,-1,1746.1348876953125,612.755126953125,22.5184326171875,13.23138427734375,1,-1,-1,-1
635,-1,1755.1336669921875,613.2069091796875,22.9415283203125,12.69964599609375,1,-1,-1,-1
636,-1,1765.8681640625,613.5020751953125,23.687744140625,12.27874755859375,1,-1,-1,-1
637,-1,1775.568359375,613.9610595703125,24.0946044921875,13.44775390625,1,-1,-1,-1
638,-1,1786.506103515625,614.5244140625,22.2061767578125,13.00848388671875,1,-1,-1,-1
639,-1,1796.5133056640625,615.0408325195312,22.904052734375,12.8846435546875,1,-1,-1,-1
640,-1,1806.2803955078125,615.73828125,21.5888671875,12.4375,1,-1,-1,-1
641,-1,1814.616455078125,615.3221435546875,22.988037109375,12.457763671875,1,-1,-1,-1
642,-1,1823.59130859375,615.2493896484375,24.3399658203125,13.554931640625,1,-1,-1,-1
643,-1,1834.66650390625,616.1162719726562,23.0391845703125,13.8592529296875,1,-1,-1,-1
644,-1,1844.9158935546875,616.88818359375,23.4063720703125,12.90301513671875,1,-1,-1,-1
646,-1,1865.6795654296875,616.452880859375,23.3145751953125,12.62188720703125,1,-1,-1,-1
647,-1,1876.1009521484375,616.6165161132812,25.7357177734375,13.2972412109375,1,-1,-1,-1
648,-1,1887.5992431640625,617.5477905273438,22.2572021484375,13.56365966796875,1,-1,-1,-1
649,-1,1897.22607421875,618.4822998046875,21.591064453125,13.549072265625,1,-1,-1,-1
668,-1,847.6912231445312,526.4124755859375,17.64361572265625,12.67431640625,1,-1,-1,-1
669,-1,848.75927734375,525.2156372070312,16.09954833984375,13.69696044921875,1,-1,-1,-1
670,-1,848.550048828125,525.1953735351562,16.7117919921875,13.8809814453125,1,-1,-1,-1
671,-1,848.9470825195312,525.8746337890625,17.45684814453125,13.21826171875,1,-1,-1,-1
672,-1,848.2670288085938,527.5217895507812,18.16693115234375,13.83154296875,1,-1,-1,-1
673,-1,849.0287475585938,528.1614379882812,18.67193603515625,12.94482421875,1,-1,-1,-1
674,-1,849.0556030273438,527.2659912109375,16.81591796875,13.23834228515625,1,-1,-1,-1
675,-1,848.491943359375,526.8693237304688,16.9322509765625,13.87213134765625,1,-1,-1,-1
676,-1,848.4024658203125,527.6868286132812,17.072998046875,13.1822509765625,1,-1,-1,-1
677,-1,848.9580688476562,528.8114624023438,16.388671875,13.08489990234375,1,-1,-1,-1
678,-1,849.24462890625,528.1924438476562,17.17266845703125,13.54351806640625,1,-1,-1,-1
679,-1,849.545166015625,527.734130859375,16.8251953125,13.52703857421875,1,-1,-1,-1
680,-1,848.9584350585938,527.5440063476562,16.5966796875,13.3590087890625,1,-1,-1,-1
681,-1,849.2100830078125,527.68115234375,16.9964599609375,13.4534912109375,1,-1,-1,-1
682,-1,850.3702392578125,527.3132934570312,16.39984130859375,12.80523681640625,1,-1,-1,-1
683,-1,850.8909301757812,526.7374877929688,17.4669189453125,13.89373779296875,1,-1,-1,-1
684,-1,852.0653076171875,527.7782592773438,15.3641357421875,12.36810302734375,1,-1,-1,-1
685,-1,853.0478515625,527.4628295898438,14.974853515625,12.701904296875,1,-1,-1,-1
686,-1,853.7238159179688,527.2796630859375,14.76483154296875,12.08074951171875,1,-1,-1,-1
687,-1,854.5051879882812,526.3772583007812,15.4947509765625,12.95367431640625,1,-1,-1,-1
688,-1,855.4860229492188,527.013427734375,15.567626953125,12.9805908203125,1,-1,-1,-1
689,-1,855.9039916992188,526.440185546875,16.13995361328125,13.8470458984375,1,-1,-1,-1
690,-1,857.86474609375,525.994140625,14.972900390625,13.921142578125,1,-1,-1,-1
691,-1,859.05126953125,525.970947265625,15.6961669921875,13.3201904296875,1,-1,-1,-1
692,-1,860.1205444335938,526.101806640625,15.474609375,12.4595947265625,1,-1,-1,-1
693,-1,863.2113037109375,526.2319946289062,14.919677734375,12.865478515625,1,-1,-1,-1
694,-1,865.0303344726562,525.9034423828125,14.8431396484375,13.2694091796875,1,-1,-1,-1
695,-1,866.2324829101562,526.55078125,16.60662841796875,12.84075927734375,1,-1,-1,-1
696,-1,869.2075805664062,526.1869506835938,15.1134033203125,13.47296142578125,1,-1,-1,-1
697,-1,871.33349609375,525.6544799804688,14.5379638671875,13.906494140625,1,-1,-1,-1
698,-1,872.4761962890625,525.306884765625,14.899169921875,14.1129150390625,1,-1,-1,-1
699,-1,874.077392578125,526.1765747070312,14.29278564453125,13.51446533203125,1,-1,-1,-1
700,-1,875.7069091796875,526.0816650390625,15.32257080078125,13.43206787109375,1,-1,-1,-1
701,-1,878.0316162109375,525.954345703125,14.87744140625,13.515380859375,1,-1,-1,-1
702,-1,879.5703735351562,525.8896484375,16.66461181640625,14.0650634765625,1,-1,-1,-1
703,-1,882.7532348632812,525.611328125,16.74261474609375,14.427734375,1,-1,-1,-1
704,-1,887.4891357421875,524.6109008789062,15.7860107421875,14.9256591796875,1,-1,-1,-1
706,-1,890.7815551757812,525.7459716796875,17.48614501953125,14.5721435546875,1,-1,-1,-1
707,-1,892.9555053710938,526.4967651367188,16.42083740234375,14.00634765625,1,-1,-1,-1
708,-1,896.9644165039062,527.932861328125,16.0107421875,12.60986328125,1,-1,-1,-1
710,-1,902.8713989257812,528.5714111328125,18.00189208984375,11.698486328125,1,-1,-1,-1
711,-1,911.9531860351562,527.8211059570312,14.668701171875,12.70269775390625,1,-1,-1,-1
712,-1,915.3771362304688,528.4554443359375,15.571044921875,11.65692138671875,1,-1,-1,-1
720,-1,949.2332763671875,529.5535278320312,15.22216796875,12.753662109375,1,-1,-1,-1
723,-1,963.0921630859375,530.14208984375,16.68072509765625,12.58441162109375,1,-1,-1,-1
724,-1,967.1812744140625,529.8848266601562,18.34783935546875,12.87689208984375,1,-1,-1,-1
725,-1,970.2894897460938,530.7952880859375,17.87158203125,12.8546142578125,1,-1,-1,-1
726,-1,975.8192749023438,531.0782470703125,16.560546875,12.5828857421875,1,-1,-1,-1
727,-1,980.5279541015625,531.3045043945312,17.142578125,12.639892578125,1,-1,-1,-1
728,-1,986.7948608398438,531.5374755859375,17.153076171875,12.7564697265625,1,-1,-1,-1
729,-1,991.2484130859375,531.557373046875,16.81365966796875,12.75018310546875,1,-1,-1,-1
730,-1,994.8478393554688,531.2053833007812,18.094482421875,13.36865234375,1,-1,-1,-1
731,-1,1001.3219604492188,530.754150390625,19.0784912109375,12.68585205078125,1,-1,-1,-1
732,-1,1007.9049682617188,530.4284057617188,17.85626220703125,12.566650390625,1,-1,-1,-1
733,-1,1016.8272705078125,531.1553955078125,17.665283203125,12.77685546875,1,-1,-1,-1
734,-1,1023.4984741210938,531.07568359375,17.50323486328125,13.42291259765625,1,-1,-1,-1
735,-1,1031.662841796875,530.5867919921875,17.0845947265625,13.6070556640625,1,-1,-1,-1
736,-1,1038.0968017578125,530.6644287109375,18.328369140625,12.80499267578125,1,-1,-1,-1
737,-1,1045.9490966796875,530.4935913085938,17.0157470703125,12.4559326171875,1,-1,-1,-1
738,-1,1050.91015625,530.0694580078125,18.1956787109375,11.9635009765625,1,-1,-1,-1
739,-1,1060.1689453125,529.0026245117188,15.059814453125,12.46136474609375,1,-1,-1,-1
743,-1,1093.3062744140625,524.7840576171875,17.2626953125,15.22052001953125,1,-1,-1,-1
